[0.5        0.609375   0.5703125  0.63671875 0.6484375  0.52734375
 0.59765625 0.7421875  0.5703125  0.3125     0.484375   0.67578125
 0.67578125 0.375      0.73046875 0.67578125]
[0.625      0.73046875 0.484375   0.63671875 0.6484375  0.5703125
 0.66015625 0.78515625 0.625      0.515625   0.609375   0.8359375
 0.8203125  0.54296875 0.8125     0.4453125 ]
[0.515625   0.6875     0.58203125 0.7109375  0.7421875  0.515625
 0.58203125 0.84375    0.5703125  0.3515625  0.5546875  0.8203125
 0.79296875 0.390625   0.7421875  0.609375  ]
[0.32421875 0.7109375  0.375      0.59765625 0.7734375  0.33984375
 0.390625   0.86328125 0.390625   0.14453125 0.40234375 0.8515625
 0.8203125  0.1875     0.5546875  0.5546875 ]
[0.32421875 0.80078125 0.171875   0.4453125  0.7734375  0.2265625
 0.26953125 0.875      0.27734375 0.1171875  0.32421875 0.921875
 0.89453125 0.14453125 0.4453125  0.33984375]
[0.3125     0.8359375  0.125      0.390625   0.78515625 0.1796875
 0.2265625  0.88671875 0.234375   0.10546875 0.2890625  0.9375
 0.9140625  0.12890625 0.390625   0.27734375]
[0.33984375 0.87109375 0.09765625 0.33984375 0.7734375  0.171875
 0.20703125 0.88671875 0.21484375 0.1015625  0.27734375 0.95703125
 0.9296875  0.13671875 0.390625   0.21484375]
[0.47265625 0.87109375 0.03515625 0.15625    0.515625   0.26953125
 0.3125     0.6875     0.32421875 0.27734375 0.41796875 0.94140625
 0.9296875  0.32421875 0.375      0.0625    ]
[0.40234375 0.484375   0.66015625 0.765625   0.69921875 0.5703125
 0.6484375  0.73046875 0.625      0.2265625  0.484375   0.484375
 0.5546875  0.30078125 0.8359375  0.8125    ]
[0.66015625 0.6484375  0.6875     0.7421875  0.58203125 0.66015625
 0.8125     0.69921875 0.80078125 0.6875     0.7109375  0.67578125
 0.73046875 0.69921875 0.921875   0.52734375]
[0.40234375 0.33984375 0.85546875 0.8828125  0.6875     0.6484375
 0.8203125  0.67578125 0.80078125 0.47265625 0.7109375  0.36328125
 0.484375   0.5        0.88671875 0.8359375 ]
[0.14453125 0.1640625  0.6875     0.8125     0.59765625 0.36328125
 0.63671875 0.515625   0.63671875 0.125      0.484375   0.1796875
 0.24609375 0.171875   0.69921875 0.8359375 ]
[0.1484375  0.1875     0.40234375 0.59765625 0.390625   0.1875
 0.5        0.32421875 0.47265625 0.10546875 0.3515625  0.1796875
 0.234375   0.15625    0.58203125 0.5546875 ]
[0.1484375  0.1875     0.33984375 0.515625   0.32421875 0.13671875
 0.45703125 0.24609375 0.4453125  0.11328125 0.3125     0.1640625
 0.21484375 0.1484375  0.52734375 0.4453125 ]
[0.15625    0.26953125 0.32421875 0.45703125 0.375      0.10546875
 0.3515625  0.3515625  0.32421875 0.0703125  0.2265625  0.24609375
 0.24609375 0.11328125 0.47265625 0.41796875]
[0.40234375 0.5703125  0.03125    0.0625     0.1015625  0.12890625
 0.33984375 0.171875   0.2890625  0.171875   0.2265625  0.52734375
 0.59765625 0.27734375 0.27734375 0.03125   ]
[0.30078125 0.609375   0.4453125  0.63671875 0.75390625 0.40234375
 0.4453125  0.828125   0.4453125  0.08984375 0.32421875 0.67578125
 0.69921875 0.1484375  0.6875     0.7421875 ]
[0.765625   0.87109375 0.40234375 0.5703125  0.66015625 0.625
 0.72265625 0.8203125  0.73046875 0.72265625 0.6875     0.9140625
 0.92578125 0.73046875 0.90234375 0.26953125]
[0.5546875  0.52734375 0.828125   0.88671875 0.765625   0.7421875
 0.8515625  0.7734375  0.84375    0.6484375  0.78515625 0.625
 0.72265625 0.6484375  0.921875   0.79296875]
[0.21484375 0.1796875  0.78515625 0.87109375 0.625      0.54296875
 0.765625   0.5546875  0.75390625 0.2265625  0.609375   0.20703125
 0.30078125 0.2890625  0.828125   0.87109375]
[0.24609375 0.1640625  0.5703125  0.67578125 0.32421875 0.3515625
 0.69921875 0.2578125  0.6484375  0.24609375 0.5        0.14453125
 0.21484375 0.32421875 0.7734375  0.59765625]
[0.30078125 0.1640625  0.625      0.67578125 0.27734375 0.32421875
 0.72265625 0.19921875 0.67578125 0.32421875 0.515625   0.125
 0.1796875  0.40234375 0.79296875 0.54296875]
[0.1640625  0.125      0.78515625 0.78515625 0.45703125 0.2578125
 0.58203125 0.32421875 0.52734375 0.11328125 0.36328125 0.08984375
 0.125      0.171875   0.66015625 0.7734375 ]
[0.2265625  0.32421875 0.0390625  0.0703125  0.0703125  0.09765625
 0.30078125 0.1171875  0.27734375 0.07421875 0.1796875  0.26953125
 0.3125     0.13671875 0.19921875 0.0625    ]
[0.125      0.1875     0.3125     0.59765625 0.47265625 0.1796875
 0.4453125  0.45703125 0.47265625 0.05859375 0.2890625  0.19921875
 0.20703125 0.07421875 0.47265625 0.78515625]
[0.7734375  0.75390625 0.32421875 0.33984375 0.32421875 0.40234375
 0.7421875  0.45703125 0.67578125 0.7421875  0.59765625 0.69921875
 0.765625   0.7734375  0.8359375  0.14453125]
[0.6875     0.63671875 0.79296875 0.80078125 0.69921875 0.75390625
 0.86328125 0.73046875 0.828125   0.73046875 0.7734375  0.66015625
 0.7734375  0.765625   0.92578125 0.66015625]
[0.40234375 0.33984375 0.80078125 0.86328125 0.6875     0.6875
 0.828125   0.67578125 0.8203125  0.4296875  0.7109375  0.40234375
 0.515625   0.5        0.89453125 0.8359375 ]
[0.484375   0.375      0.67578125 0.72265625 0.4453125  0.5703125
 0.79296875 0.484375   0.765625   0.47265625 0.625      0.36328125
 0.45703125 0.5546875  0.8828125  0.625     ]
[0.625      0.52734375 0.8359375  0.79296875 0.59765625 0.63671875
 0.78515625 0.6484375  0.75390625 0.5546875  0.625      0.5
 0.5703125  0.63671875 0.91796875 0.66015625]
[0.15625    0.2265625  0.90234375 0.92578125 0.828125   0.54296875
 0.6484375  0.765625   0.59765625 0.1171875  0.515625   0.27734375
 0.40234375 0.171875   0.80078125 0.92578125]
[0.1484375  0.2890625  0.03515625 0.1171875  0.1171875  0.11328125
 0.2578125  0.20703125 0.3125     0.046875   0.1875     0.375
 0.375      0.07421875 0.21484375 0.125     ]
[0.27734375 0.15625    0.66015625 0.765625   0.4296875  0.484375
 0.66015625 0.375      0.6484375  0.14453125 0.41796875 0.12890625
 0.1484375  0.2265625  0.828125   0.8515625 ]
[0.828125   0.625      0.7421875  0.54296875 0.234375   0.59765625
 0.8359375  0.390625   0.78515625 0.8125     0.63671875 0.4453125
 0.5546875  0.828125   0.9296875  0.26953125]
[0.73046875 0.66015625 0.828125   0.78515625 0.609375   0.75390625
 0.87109375 0.72265625 0.8515625  0.7734375  0.765625   0.6484375
 0.75390625 0.79296875 0.9375     0.625     ]
[0.58203125 0.52734375 0.78515625 0.8359375  0.6875     0.75390625
 0.85546875 0.7421875  0.84375    0.625      0.765625   0.58203125
 0.6875     0.66015625 0.921875   0.765625  ]
[0.66015625 0.59765625 0.765625   0.765625   0.609375   0.6875
 0.8203125  0.73046875 0.8125     0.625      0.69921875 0.609375
 0.67578125 0.66015625 0.9140625  0.66015625]
[0.54296875 0.66015625 0.8828125  0.86328125 0.8359375  0.66015625
 0.73046875 0.88671875 0.73046875 0.45703125 0.63671875 0.7109375
 0.7734375  0.5        0.86328125 0.8203125 ]
[0.0625     0.3125     0.63671875 0.88671875 0.91015625 0.33984375
 0.45703125 0.875      0.45703125 0.0390625  0.4296875  0.52734375
 0.625      0.0625     0.5546875  0.92578125]
[0.19921875 0.4296875  0.015625   0.08203125 0.1484375  0.09765625
 0.2265625  0.24609375 0.27734375 0.0546875  0.19921875 0.5703125
 0.5703125  0.08984375 0.20703125 0.06640625]
[0.58203125 0.54296875 0.72265625 0.75390625 0.6484375  0.63671875
 0.73046875 0.72265625 0.72265625 0.41796875 0.5703125  0.52734375
 0.59765625 0.484375   0.875      0.765625  ]
[0.765625   0.72265625 0.7734375  0.765625   0.625      0.75390625
 0.86328125 0.765625   0.8515625  0.79296875 0.765625   0.73046875
 0.80078125 0.79296875 0.9375     0.5703125 ]
[0.69921875 0.6484375  0.80078125 0.8203125  0.69921875 0.78515625
 0.87109375 0.79296875 0.86328125 0.73046875 0.78515625 0.6875
 0.78515625 0.7421875  0.93359375 0.7109375 ]
[0.6875     0.625      0.79296875 0.8125     0.67578125 0.7734375
 0.86328125 0.7734375  0.85546875 0.72265625 0.7734375  0.67578125
 0.765625   0.7421875  0.93359375 0.7109375 ]
[0.67578125 0.5703125  0.8359375  0.8359375  0.67578125 0.7734375
 0.87109375 0.765625   0.85546875 0.7109375  0.7734375  0.609375
 0.72265625 0.72265625 0.9296875  0.73046875]
[0.234375   0.19921875 0.88671875 0.93359375 0.7734375  0.63671875
 0.84375    0.66015625 0.8359375  0.40234375 0.75390625 0.2578125
 0.41796875 0.40234375 0.828125   0.91796875]
[0.03515625 0.0390625  0.515625   0.8203125  0.515625   0.1796875
 0.5703125  0.2890625  0.5703125  0.04296875 0.41796875 0.05078125
 0.07421875 0.05859375 0.45703125 0.8984375 ]
[0.32421875 0.21484375 0.0390625  0.0625     0.03515625 0.0859375
 0.40234375 0.04296875 0.36328125 0.15625    0.2265625  0.13671875
 0.171875   0.26953125 0.24609375 0.046875  ]
[0.5546875  0.67578125 0.67578125 0.73046875 0.7421875  0.59765625
 0.6484375  0.828125   0.63671875 0.32421875 0.515625   0.69921875
 0.73046875 0.40234375 0.8359375  0.765625  ]
[0.75390625 0.828125   0.67578125 0.73046875 0.7421875  0.7421875
 0.80078125 0.87109375 0.80078125 0.72265625 0.73046875 0.87109375
 0.90234375 0.73046875 0.921875   0.52734375]
[0.73046875 0.7734375  0.75390625 0.79296875 0.75390625 0.78515625
 0.8359375  0.87109375 0.8359375  0.7109375  0.75390625 0.828125
 0.86328125 0.73046875 0.93359375 0.66015625]
[0.73046875 0.7734375  0.79296875 0.80078125 0.765625   0.78515625
 0.828125   0.875      0.828125   0.6875     0.7421875  0.8203125
 0.85546875 0.72265625 0.9296875  0.6875    ]
[0.66015625 0.73046875 0.79296875 0.828125   0.80078125 0.79296875
 0.828125   0.87109375 0.8203125  0.6484375  0.75390625 0.80078125
 0.85546875 0.69921875 0.9296875  0.73046875]
[0.40234375 0.390625   0.84375    0.9140625  0.79296875 0.79296875
 0.85546875 0.7421875  0.84375    0.52734375 0.79296875 0.515625
 0.6484375  0.59765625 0.93359375 0.87109375]
[0.2578125  0.10546875 0.85546875 0.89453125 0.484375   0.625
 0.8125     0.375      0.79296875 0.26953125 0.63671875 0.10546875
 0.1640625  0.36328125 0.90234375 0.8828125 ]
[0.5546875  0.2265625  0.375      0.26953125 0.0625     0.375
 0.69921875 0.08984375 0.66015625 0.4296875  0.41796875 0.125
 0.1796875  0.52734375 0.6484375  0.171875  ]
[0.30078125 0.3125     0.52734375 0.6484375  0.484375   0.33984375
 0.58203125 0.47265625 0.63671875 0.2265625  0.515625   0.26953125
 0.32421875 0.32421875 0.6484375  0.69921875]
[0.5546875  0.52734375 0.52734375 0.515625   0.40234375 0.41796875
 0.72265625 0.4453125  0.72265625 0.515625   0.66015625 0.4453125
 0.5546875  0.72265625 0.7734375  0.40234375]
[0.5546875  0.54296875 0.63671875 0.63671875 0.515625   0.52734375
 0.75390625 0.5703125  0.765625   0.54296875 0.7109375  0.484375
 0.609375   0.73046875 0.828125   0.54296875]
[0.5        0.47265625 0.69921875 0.69921875 0.5546875  0.54296875
 0.75390625 0.59765625 0.78515625 0.5        0.72265625 0.4453125
 0.5703125  0.6875     0.8203125  0.63671875]
[0.4453125  0.4453125  0.59765625 0.6484375  0.515625   0.45703125
 0.72265625 0.5546875  0.75390625 0.4296875  0.6875     0.4296875
 0.52734375 0.625      0.7734375  0.609375  ]
[0.54296875 0.52734375 0.58203125 0.59765625 0.5        0.515625
 0.7421875  0.52734375 0.75390625 0.52734375 0.69921875 0.484375
 0.59765625 0.73046875 0.8203125  0.515625  ]
[0.5        0.41796875 0.765625   0.75390625 0.5703125  0.609375
 0.79296875 0.54296875 0.79296875 0.52734375 0.7421875  0.375
 0.52734375 0.73046875 0.86328125 0.69921875]
[0.484375   0.33984375 0.515625   0.52734375 0.33984375 0.515625
 0.7109375  0.3515625  0.73046875 0.41796875 0.63671875 0.33984375
 0.40234375 0.625      0.67578125 0.515625  ]
