[ 0.          0.44738013  0.27961257  0.55922514  0.61514765  0.11184503
  0.39145762  1.0625278   0.27961257 -0.78291523 -0.05592252  0.7269927
  0.7269927  -0.50330263  1.0066053   0.7269927 ]
[ 0.50330263  1.0066053  -0.05592252  0.55922514  0.61514765  0.27961257
  0.6710702   1.2862178   0.50330263  0.05592252  0.44738013  1.621753
  1.509908    0.16776755  1.4539855  -0.22369006]
[ 0.05592252  0.78291523  0.3355351   0.89476025  1.0625278   0.05592252
  0.3355351   1.6776755   0.27961257 -0.61514765  0.22369006  1.509908
  1.3421404  -0.44738013  1.0625278   0.44738013]
[-0.7269927   0.89476025 -0.50330263  0.39145762  1.2302953  -0.6710702
 -0.44738013  1.845443   -0.44738013 -1.7895205  -0.39145762  1.733598
  1.509908   -1.4539855   0.22369006  0.22369006]
[-0.7269927   1.398063   -1.5658305  -0.22369006  1.2302953  -1.2302953
 -1.0066053   1.957288   -0.95068276 -2.0132105  -0.7269927   2.4605906
  2.1250556  -1.7895205  -0.22369006 -0.6710702 ]
[-0.78291523  1.621753   -1.957288   -0.44738013  1.2862178  -1.509908
 -1.2302953   2.069133   -1.1743728  -2.1250556  -0.89476025  2.7402034
  2.3487456  -1.9013655  -0.44738013 -0.95068276]
[-0.6710702   1.9013655  -2.2369006  -0.6710702   1.2302953  -1.5658305
 -1.3421404   2.069133   -1.2862178  -2.180978   -0.95068276  3.0757384
  2.5724356  -1.845443   -0.44738013 -1.2862178 ]
[-0.11184503  1.9013655  -3.355351   -1.6776755   0.05592252 -1.0066053
 -0.78291523  0.78291523 -0.7269927  -0.95068276 -0.3355351   2.796126
  2.5724356  -0.7269927  -0.50330263 -2.6842809 ]
[-0.39145762 -0.05592252  0.6710702   1.1743728   0.83883774  0.27961257
  0.61514765  1.0066053   0.50330263 -1.2302953  -0.05592252 -0.05592252
  0.22369006 -0.83883774  1.621753    1.4539855 ]
[0.6710702  0.61514765 0.78291523 1.0625278  0.3355351  0.6710702
 1.4539855  0.83883774 1.398063   0.78291523 0.89476025 0.7269927
 1.0066053  0.83883774 2.4605906  0.11184503]
[-0.39145762 -0.6710702   1.7895205   2.0132105   0.78291523  0.61514765
  1.509908    0.7269927   1.398063   -0.11184503  0.89476025 -0.55922514
 -0.05592252  0.          2.069133    1.621753  ]
[-1.7895205  -1.621753    0.78291523  1.4539855   0.39145762 -0.55922514
  0.55922514  0.05592252  0.55922514 -1.957288   -0.05592252 -1.509908
 -1.1184503  -1.5658305   0.83883774  1.621753  ]
[-1.733598   -1.4539855  -0.39145762  0.39145762 -0.44738013 -1.4539855
  0.         -0.7269927  -0.11184503 -2.1250556  -0.61514765 -1.509908
 -1.1743728  -1.6776755   0.3355351   0.22369006]
[-1.733598   -1.4539855  -0.6710702   0.05592252 -0.7269927  -1.845443
 -0.16776755 -1.1184503  -0.22369006 -2.069133   -0.78291523 -1.621753
 -1.2862178  -1.733598    0.11184503 -0.22369006]
[-1.6776755  -1.0066053  -0.7269927  -0.16776755 -0.50330263 -2.1250556
 -0.61514765 -0.61514765 -0.7269927  -2.5724356  -1.2302953  -1.1184503
 -1.1184503  -2.069133   -0.11184503 -0.3355351 ]
[-0.39145762  0.27961257 -3.467196   -2.7402034  -2.180978   -1.9013655
 -0.6710702  -1.5658305  -0.89476025 -1.5658305  -1.2302953   0.11184503
  0.39145762 -0.95068276 -0.95068276 -3.4112735 ]
[-0.83883774  0.44738013 -0.22369006  0.55922514  1.1184503  -0.39145762
 -0.22369006  1.5658305  -0.22369006 -2.292823   -0.7269927   0.7269927
  0.83883774 -1.733598    0.78291523  1.0625278 ]
[ 1.1743728   1.9013655  -0.39145762  0.27961257  0.6710702   0.50330263
  0.95068276  1.509908    1.0066053   0.95068276  0.78291523  2.3487456
  2.516513    1.0066053   2.2369006  -1.0066053 ]
[0.22369006 0.11184503 1.5658305  2.069133   1.1743728  1.0625278
 1.733598   1.2302953  1.6776755  0.61514765 1.2862178  0.50330263
 0.95068276 0.61514765 2.4605906  1.3421404 ]
[-1.2862178  -1.509908    1.2862178   1.9013655   0.50330263  0.16776755
  1.1743728   0.22369006  1.1184503  -1.2302953   0.44738013 -1.3421404
 -0.83883774 -0.89476025  1.5658305   1.9013655 ]
[-1.1184503  -1.621753    0.27961257  0.7269927  -0.7269927  -0.61514765
  0.83883774 -1.0625278   0.61514765 -1.1184503   0.         -1.7895205
 -1.2862178  -0.7269927   1.2302953   0.39145762]
[-0.83883774 -1.621753    0.50330263  0.7269927  -0.95068276 -0.7269927
  0.95068276 -1.398063    0.7269927  -0.7269927   0.05592252 -1.957288
 -1.509908   -0.39145762  1.3421404   0.16776755]
[-1.621753   -1.957288    1.2862178   1.2862178  -0.16776755 -1.0625278
  0.3355351  -0.7269927   0.11184503 -2.069133   -0.55922514 -2.292823
 -1.957288   -1.5658305   0.6710702   1.2302953 ]
[-1.2302953  -0.7269927  -3.1875834  -2.5724356  -2.5724356  -2.2369006
 -0.83883774 -2.0132105  -0.95068276 -2.516513   -1.509908   -1.0066053
 -0.78291523 -1.845443   -1.398063   -2.6842809 ]
[-1.957288   -1.4539855  -0.78291523  0.39145762 -0.11184503 -1.509908
 -0.22369006 -0.16776755 -0.11184503 -2.796126   -0.89476025 -1.398063
 -1.3421404  -2.516513   -0.11184503  1.2862178 ]
[ 1.2302953   1.1184503  -0.7269927  -0.6710702  -0.7269927  -0.39145762
  1.0625278  -0.16776755  0.7269927   1.0625278   0.39145762  0.83883774
  1.1743728   1.2302953   1.621753   -1.7895205 ]
[0.78291523 0.55922514 1.3421404  1.398063   0.83883774 1.1184503
 1.845443   1.0066053  1.5658305  1.0066053  1.2302953  0.6710702
 1.2302953  1.1743728  2.516513   0.6710702 ]
[-0.39145762 -0.6710702   1.398063    1.845443    0.78291523  0.78291523
  1.5658305   0.7269927   1.509908   -0.27961257  0.89476025 -0.39145762
  0.05592252  0.          2.1250556   1.621753  ]
[-0.05592252 -0.50330263  0.7269927   0.95068276 -0.22369006  0.27961257
  1.3421404  -0.05592252  1.1743728  -0.11184503  0.50330263 -0.55922514
 -0.16776755  0.22369006  2.0132105   0.50330263]
[0.50330263 0.11184503 1.621753   1.3421404  0.39145762 0.55922514
 1.2862178  0.61514765 1.1184503  0.22369006 0.50330263 0.
 0.27961257 0.55922514 2.404668   0.6710702 ]
[-1.6776755  -1.2302953   2.2369006   2.516513    1.5658305   0.16776755
  0.61514765  1.1743728   0.39145762 -2.0132105   0.05592252 -0.95068276
 -0.39145762 -1.5658305   1.398063    2.516513  ]
[-1.733598   -0.89476025 -3.355351   -2.0132105  -2.0132105  -2.069133
 -1.0625278  -1.3421404  -0.78291523 -3.019816   -1.4539855  -0.50330263
 -0.50330263 -2.516513   -1.2862178  -1.957288  ]
[-0.95068276 -1.6776755   0.6710702   1.1743728  -0.27961257 -0.05592252
  0.6710702  -0.50330263  0.61514765 -1.7895205  -0.3355351  -1.9013655
 -1.733598   -1.2302953   1.5658305   1.733598  ]
[ 1.5658305   0.50330263  1.0625278   0.16776755 -1.1743728   0.39145762
  1.621753   -0.44738013  1.2862178   1.4539855   0.55922514 -0.22369006
  0.22369006  1.5658305   2.5724356  -1.0066053 ]
[1.0066053  0.6710702  1.5658305  1.2862178  0.44738013 1.1184503
 1.9013655  0.95068276 1.733598   1.2302953  1.1743728  0.61514765
 1.1184503  1.3421404  2.6842809  0.50330263]
[0.3355351  0.11184503 1.2862178  1.621753   0.78291523 1.1184503
 1.7895205  1.0625278  1.6776755  0.50330263 1.1743728  0.3355351
 0.78291523 0.6710702  2.4605906  1.1743728 ]
[0.6710702  0.39145762 1.1743728  1.1743728  0.44738013 0.78291523
 1.509908   1.0066053  1.4539855  0.50330263 0.83883774 0.44738013
 0.7269927  0.6710702  2.3487456  0.6710702 ]
[ 0.16776755  0.6710702   2.0132105   1.845443    1.621753    0.6710702
  1.0066053   2.069133    1.0066053  -0.16776755  0.55922514  0.89476025
  1.2302953   0.          1.845443    1.509908  ]
[-2.7402034  -0.78291523  0.55922514  2.069133    2.292823   -0.6710702
 -0.16776755  1.957288   -0.16776755 -3.243506   -0.27961257  0.11184503
  0.50330263 -2.7402034   0.22369006  2.516513  ]
[-1.398063   -0.27961257 -4.250111   -2.404668   -1.733598   -2.2369006
 -1.2302953  -1.1184503  -0.95068276 -2.8520484  -1.398063    0.27961257
  0.27961257 -2.292823   -1.3421404  -2.6283581 ]
[ 0.3355351   0.16776755  0.95068276  1.1184503   0.61514765  0.55922514
  1.0066053   0.95068276  0.95068276 -0.3355351   0.27961257  0.11184503
  0.39145762 -0.05592252  1.957288    1.1743728 ]
[1.1743728  0.95068276 1.2302953  1.1743728  0.50330263 1.1184503
 1.845443   1.1743728  1.733598   1.3421404  1.1743728  1.0066053
 1.398063   1.3421404  2.6842809  0.27961257]
[0.83883774 0.61514765 1.398063   1.509908   0.83883774 1.2862178
 1.9013655  1.3421404  1.845443   1.0066053  1.2862178  0.78291523
 1.2862178  1.0625278  2.6283581  0.89476025]
[0.78291523 0.50330263 1.3421404  1.4539855  0.7269927  1.2302953
 1.845443   1.2302953  1.7895205  0.95068276 1.2302953  0.7269927
 1.1743728  1.0625278  2.6283581  0.89476025]
[0.7269927  0.27961257 1.621753   1.621753   0.7269927  1.2302953
 1.9013655  1.1743728  1.7895205  0.89476025 1.2302953  0.44738013
 0.95068276 0.95068276 2.5724356  1.0066053 ]
[-1.1743728  -1.398063    2.069133    2.6283581   1.2302953   0.55922514
  1.6776755   0.6710702   1.621753   -0.39145762  1.1184503  -1.0625278
 -0.3355351  -0.39145762  1.5658305   2.404668  ]
[-3.2994285  -3.1875834   0.05592252  1.509908    0.05592252 -1.509908
  0.27961257 -0.89476025  0.27961257 -3.131661   -0.3355351  -2.907971
 -2.516513   -2.796126   -0.16776755  2.180978  ]
[-0.7269927  -1.2862178  -3.1875834  -2.7402034  -3.2994285  -2.3487456
 -0.39145762 -3.131661   -0.55922514 -1.6776755  -1.2302953  -1.845443
 -1.5658305  -1.0066053  -1.1184503  -3.019816  ]
[ 0.22369006  0.7269927   0.7269927   1.0066053   1.0625278   0.39145762
  0.61514765  1.5658305   0.55922514 -0.7269927   0.05592252  0.83883774
  1.0066053  -0.39145762  1.621753    1.1743728 ]
[1.1184503  1.5658305  0.7269927  1.0066053  1.0625278  1.0625278
 1.398063   1.9013655  1.398063   0.95068276 1.0066053  1.9013655
 2.2369006  1.0066053  2.4605906  0.11184503]
[1.0066053  1.2302953  1.1184503  1.3421404  1.1184503  1.2862178
 1.621753   1.9013655  1.621753   0.89476025 1.1184503  1.5658305
 1.845443   1.0066053  2.6283581  0.6710702 ]
[1.0066053  1.2302953  1.3421404  1.398063   1.1743728  1.2862178
 1.5658305  1.957288   1.5658305  0.78291523 1.0625278  1.509908
 1.7895205  0.95068276 2.5724356  0.78291523]
[0.6710702  1.0066053  1.3421404  1.5658305  1.398063   1.3421404
 1.5658305  1.9013655  1.509908   0.61514765 1.1184503  1.398063
 1.7895205  0.83883774 2.5724356  1.0066053 ]
[-0.39145762 -0.44738013  1.6776755   2.3487456   1.3421404   1.3421404
  1.7895205   1.0625278   1.6776755   0.11184503  1.3421404   0.05592252
  0.61514765  0.39145762  2.6283581   1.9013655 ]
[-1.0625278  -2.1250556   1.7895205   2.1250556  -0.05592252  0.50330263
  1.4539855  -0.50330263  1.3421404  -1.0066053   0.55922514 -2.1250556
 -1.621753   -0.55922514  2.2369006   2.0132105 ]
[ 0.22369006 -1.2302953  -0.50330263 -1.0066053  -2.7402034  -0.50330263
  0.83883774 -2.292823    0.6710702  -0.27961257 -0.3355351  -1.957288
 -1.509908    0.11184503  0.61514765 -1.5658305 ]
[-0.83883774 -0.78291523  0.11184503  0.61514765 -0.05592252 -0.6710702
  0.3355351  -0.11184503  0.55922514 -1.2302953   0.05592252 -1.0066053
 -0.7269927  -0.7269927   0.61514765  0.83883774]
[ 0.22369006  0.11184503  0.11184503  0.05592252 -0.39145762 -0.3355351
  0.95068276 -0.22369006  0.95068276  0.05592252  0.6710702  -0.22369006
  0.22369006  0.95068276  1.2302953  -0.39145762]
[ 0.22369006  0.16776755  0.55922514  0.55922514  0.05592252  0.11184503
  1.1184503   0.27961257  1.1743728   0.16776755  0.89476025 -0.05592252
  0.44738013  1.0066053   1.5658305   0.16776755]
[ 0.         -0.11184503  0.83883774  0.83883774  0.22369006  0.16776755
  1.1184503   0.39145762  1.2862178   0.          0.95068276 -0.22369006
  0.27961257  0.78291523  1.509908    0.55922514]
[-0.22369006 -0.22369006  0.39145762  0.61514765  0.05592252 -0.16776755
  0.95068276  0.22369006  1.1184503  -0.27961257  0.78291523 -0.27961257
  0.11184503  0.50330263  1.2302953   0.44738013]
[ 0.16776755  0.11184503  0.3355351   0.39145762  0.          0.05592252
  1.0625278   0.11184503  1.1184503   0.11184503  0.83883774 -0.05592252
  0.39145762  1.0066053   1.509908    0.05592252]
[ 0.         -0.3355351   1.1743728   1.1184503   0.27961257  0.44738013
  1.3421404   0.16776755  1.3421404   0.11184503  1.0625278  -0.50330263
  0.11184503  1.0066053   1.845443    0.83883774]
[-0.05592252 -0.6710702   0.05592252  0.11184503 -0.6710702   0.05592252
  0.89476025 -0.61514765  1.0066053  -0.3355351   0.55922514 -0.6710702
 -0.39145762  0.50330263  0.7269927   0.05592252]
