[ 2.6871507  -0.8748863  -0.8748863   3.3120697  -0.74990255 -1.062362
 -0.8748863  -0.3124594 ]
[ 3.8120046  -1.1248538  -1.1873457   4.749383   -0.99987006 -1.3123294
 -1.062362   -0.24996752]
[ 3.8120046  -0.99987006 -1.062362    4.811875   -0.93737817 -1.1873457
 -0.93737817 -0.3124594 ]
[ 3.8744965  -1.062362   -1.1248538   4.8743668  -0.99987006 -1.2498376
 -0.99987006 -0.24996752]
[ 3.8744965  -0.99987006 -1.062362    4.8743668  -0.93737817 -1.1873457
 -0.93737817 -0.24996752]
[ 3.8120046  -0.93737817 -0.99987006  4.811875   -0.81239444 -1.062362
 -0.8748863  -0.3124594 ]
[ 3.8744965  -0.8748863  -0.93737817  4.811875   -0.81239444 -1.062362
 -0.81239444 -0.3124594 ]
[ 3.8744965  -0.8748863  -0.93737817  4.8743668  -0.81239444 -1.062362
 -0.81239444 -0.3124594 ]
[ 3.8744965  -0.93737817 -0.99987006  4.8743668  -0.8748863  -1.062362
 -0.8748863  -0.3124594 ]
[ 3.8744965  -0.93737817 -0.99987006  4.8743668  -0.8748863  -1.1248538
 -0.8748863  -0.3124594 ]
[ 3.8744965  -0.93737817 -0.99987006  4.8743668  -0.8748863  -1.1248538
 -0.8748863  -0.3124594 ]
[ 3.8744965  -0.8748863  -0.93737817  4.8743668  -0.81239444 -1.062362
 -0.81239444 -0.3124594 ]
[ 3.8744965  -0.81239444 -0.81239444  4.811875   -0.74990255 -0.93737817
 -0.74990255 -0.3124594 ]
[ 3.8744965  -0.74990255 -0.74990255  4.811875   -0.6249188  -0.8748863
 -0.68741065 -0.3124594 ]
[ 3.8744965  -0.68741065 -0.68741065  4.8743668  -0.6249188  -0.81239444
 -0.6249188  -0.37495127]
[ 3.9369884  -0.68741065 -0.68741065  4.8743668  -0.5624269  -0.74990255
 -0.5624269  -0.37495127]
[ 3.9369884  -0.6249188  -0.6249188   4.9368587  -0.5624269  -0.68741065
 -0.5624269  -0.37495127]
[ 3.8744965  -0.5624269  -0.6249188   4.8743668  -0.49993503 -0.68741065
 -0.49993503 -0.37495127]
[ 3.8120046  -0.5624269  -0.5624269   4.749383   -0.49993503 -0.6249188
 -0.49993503 -0.37495127]
[ 3.6870208  -0.5624269  -0.5624269   4.624399   -0.49993503 -0.6249188
 -0.49993503 -0.37495127]
[ 3.6870208  -0.5624269  -0.5624269   4.624399   -0.43744314 -0.6249188
 -0.43744314 -0.37495127]
[ 3.7495127  -0.49993503 -0.5624269   4.624399   -0.43744314 -0.5624269
 -0.43744314 -0.37495127]
[ 3.7495127  -0.49993503 -0.5624269   4.686891   -0.43744314 -0.5624269
 -0.43744314 -0.37495127]
[ 3.7495127  -0.5624269  -0.5624269   4.686891   -0.43744314 -0.6249188
 -0.43744314 -0.37495127]
[ 3.8120046  -0.5624269  -0.5624269   4.749383   -0.49993503 -0.6249188
 -0.49993503 -0.37495127]
[ 3.8120046  -0.5624269  -0.6249188   4.749383   -0.49993503 -0.68741065
 -0.49993503 -0.37495127]
[ 3.8744965  -0.5624269  -0.6249188   4.811875   -0.49993503 -0.68741065
 -0.49993503 -0.37495127]
[ 3.8744965  -0.5624269  -0.6249188   4.8743668  -0.49993503 -0.68741065
 -0.49993503 -0.37495127]
[ 3.9369884  -0.5624269  -0.6249188   4.9368587  -0.49993503 -0.68741065
 -0.49993503 -0.37495127]
[ 3.9994802  -0.5624269  -0.5624269   4.9993505  -0.43744314 -0.6249188
 -0.49993503 -0.43744314]
[ 4.249448   -0.68741065 -0.74990255  5.2493176  -0.6249188  -0.81239444
 -0.6249188  -0.43744314]
[ 2.9996102  -0.68741065 -0.49993503  3.9369884  -0.5624269  -0.74990255
 -0.5624269  -0.3124594 ]
[ 3.8120046  -0.81239444 -0.8748863   4.5619073  -0.6249188  -0.8748863
 -0.81239444 -0.12498376]
[ 5.561777   -1.062362   -1.1873457   6.6241393  -0.99987006 -1.1873457
 -0.99987006  0.        ]
[ 5.624269   -0.8748863  -0.99987006  6.686631   -0.8748863  -1.062362
 -0.8748863  -0.06249188]
[ 5.749253   -0.99987006 -1.1248538   6.874107   -0.93737817 -1.1248538
 -0.99987006 -0.06249188]
[ 5.686761   -0.93737817 -0.99987006  6.874107   -0.8748863  -1.062362
 -0.93737817 -0.06249188]
[ 5.686761   -0.81239444 -0.93737817  6.811615   -0.81239444 -0.93737817
 -0.81239444 -0.12498376]
[ 5.749253   -0.81239444 -0.93737817  6.874107   -0.81239444 -0.93737817
 -0.81239444 -0.12498376]
[ 5.8117447  -0.81239444 -0.93737817  6.99909    -0.81239444 -0.93737817
 -0.81239444 -0.12498376]
[ 5.8117447  -0.8748863  -0.99987006  6.99909    -0.8748863  -0.99987006
 -0.8748863  -0.12498376]
[ 5.749253   -0.8748863  -0.99987006  6.936599   -0.8748863  -0.99987006
 -0.8748863  -0.06249188]
[ 5.749253   -0.81239444 -0.93737817  6.874107   -0.81239444 -0.93737817
 -0.81239444 -0.06249188]
[ 5.686761   -0.74990255 -0.81239444  6.811615   -0.68741065 -0.81239444
 -0.68741065 -0.12498376]
[ 5.624269   -0.5624269  -0.68741065  6.749123   -0.49993503 -0.6249188
 -0.5624269  -0.12498376]
[ 5.624269   -0.49993503 -0.5624269   6.686631   -0.37495127 -0.49993503
 -0.43744314 -0.18747564]
[ 5.624269   -0.43744314 -0.43744314  6.686631   -0.3124594  -0.43744314
 -0.37495127 -0.18747564]
[ 5.686761   -0.37495127 -0.43744314  6.749123   -0.24996752 -0.37495127
 -0.3124594  -0.18747564]
[ 5.686761   -0.3124594  -0.3124594   6.749123   -0.18747564 -0.3124594
 -0.24996752 -0.18747564]
[ 5.624269   -0.24996752 -0.24996752  6.686631   -0.18747564 -0.24996752
 -0.18747564 -0.24996752]
[ 5.4367933  -0.24996752 -0.24996752  6.4991555  -0.18747564 -0.24996752
 -0.18747564 -0.24996752]
[ 5.3118095  -0.24996752 -0.24996752  6.3741717  -0.12498376 -0.18747564
 -0.18747564 -0.18747564]
[ 5.3118095  -0.18747564 -0.24996752  6.31168    -0.06249188 -0.18747564
 -0.12498376 -0.24996752]
[ 5.3743014  -0.18747564 -0.18747564  6.3741717  -0.06249188 -0.12498376
 -0.12498376 -0.24996752]
[ 5.4367933  -0.12498376 -0.18747564  6.4366636  -0.06249188 -0.12498376
 -0.12498376 -0.24996752]
[ 5.4367933  -0.18747564 -0.24996752  6.4991555  -0.12498376 -0.18747564
 -0.12498376 -0.24996752]
[ 5.499285   -0.18747564 -0.24996752  6.5616474  -0.12498376 -0.18747564
 -0.12498376 -0.24996752]
[ 5.561777   -0.24996752 -0.24996752  6.6241393  -0.12498376 -0.24996752
 -0.18747564 -0.24996752]
[ 5.561777   -0.24996752 -0.3124594   6.6241393  -0.12498376 -0.24996752
 -0.18747564 -0.24996752]
[ 5.624269   -0.24996752 -0.3124594   6.686631   -0.12498376 -0.24996752
 -0.18747564 -0.24996752]
[ 5.749253   -0.18747564 -0.24996752  6.811615   -0.12498376 -0.18747564
 -0.18747564 -0.24996752]
[ 5.8742366  -0.18747564 -0.24996752  6.99909    -0.12498376 -0.18747564
 -0.18747564 -0.24996752]
[ 6.249188   -0.43744314 -0.5624269   7.4365335  -0.43744314 -0.49993503
 -0.43744314 -0.24996752]
[ 4.5619073  -0.5624269  -0.43744314  5.499285   -0.5624269  -0.68741065
 -0.49993503 -0.24996752]
[ 3.7495127  -0.49993503 -0.5624269   4.4369235  -0.24996752 -0.5624269
 -0.49993503 -0.18747564]
[ 5.4367933  -0.6249188  -0.6249188   6.4991555  -0.43744314 -0.68741065
 -0.49993503 -0.12498376]
[ 5.561777   -0.49993503 -0.5624269   6.6241393  -0.43744314 -0.5624269
 -0.43744314 -0.18747564]
[ 5.749253   -0.6249188  -0.6249188   6.874107   -0.49993503 -0.68741065
 -0.5624269  -0.18747564]
[ 5.749253   -0.6249188  -0.6249188   6.874107   -0.49993503 -0.6249188
 -0.5624269  -0.18747564]
[ 5.8117447  -0.49993503 -0.5624269   6.936599   -0.43744314 -0.5624269
 -0.49993503 -0.18747564]
[ 5.9367285  -0.5624269  -0.6249188   7.061582   -0.43744314 -0.6249188
 -0.49993503 -0.24996752]
[ 5.9992204  -0.6249188  -0.6249188   7.186566   -0.49993503 -0.68741065
 -0.5624269  -0.18747564]
[ 5.9992204  -0.6249188  -0.6249188   7.186566   -0.5624269  -0.68741065
 -0.6249188  -0.18747564]
[ 5.8742366  -0.6249188  -0.6249188   6.99909    -0.5624269  -0.68741065
 -0.5624269  -0.18747564]
[ 5.749253   -0.5624269  -0.5624269   6.874107   -0.49993503 -0.6249188
 -0.49993503 -0.18747564]
[ 5.686761   -0.43744314 -0.43744314  6.811615   -0.3124594  -0.43744314
 -0.37495127 -0.18747564]
[ 5.624269   -0.24996752 -0.24996752  6.686631   -0.12498376 -0.24996752
 -0.18747564 -0.24996752]
[ 5.561777   -0.12498376 -0.12498376  6.6241393   0.         -0.06249188
 -0.06249188 -0.3124594 ]
[ 5.499285   -0.06249188  0.          6.4991555   0.12498376  0.
  0.06249188 -0.3124594 ]
[ 5.499285    0.          0.06249188  6.4991555   0.18747564  0.06249188
  0.12498376 -0.3124594 ]
[ 5.499285    0.06249188  0.12498376  6.4991555   0.24996752  0.12498376
  0.18747564 -0.3124594 ]
[ 5.3743014   0.12498376  0.18747564  6.4366636   0.3124594   0.18747564
  0.18747564 -0.3124594 ]
[ 5.2493176   0.12498376  0.18747564  6.249188    0.3124594   0.24996752
  0.24996752 -0.3124594 ]
[ 5.1868258   0.18747564  0.24996752  6.124204    0.3124594   0.24996752
  0.24996752 -0.3124594 ]
[ 5.1868258   0.18747564  0.24996752  6.186696    0.37495127  0.3124594
  0.3124594  -0.37495127]
[ 5.2493176   0.24996752  0.24996752  6.249188    0.37495127  0.3124594
  0.3124594  -0.37495127]
[ 5.3118095   0.24996752  0.24996752  6.249188    0.37495127  0.3124594
  0.3124594  -0.37495127]
[ 5.3118095   0.18747564  0.24996752  6.31168     0.37495127  0.3124594
  0.3124594  -0.37495127]
[ 5.3743014   0.18747564  0.24996752  6.3741717   0.37495127  0.3124594
  0.3124594  -0.37495127]
[ 5.4367933   0.18747564  0.24996752  6.4366636   0.3124594   0.24996752
  0.24996752 -0.37495127]
[ 5.499285    0.18747564  0.18747564  6.4991555   0.3124594   0.24996752
  0.24996752 -0.37495127]
[ 5.499285    0.18747564  0.18747564  6.5616474   0.3124594   0.24996752
  0.24996752 -0.37495127]
[ 5.624269    0.18747564  0.24996752  6.686631    0.3124594   0.24996752
  0.24996752 -0.37495127]
[ 5.8117447   0.12498376  0.12498376  6.874107    0.3124594   0.18747564
  0.18747564 -0.37495127]
[ 6.249188   -0.24996752 -0.24996752  7.3740416  -0.12498376 -0.24996752
 -0.18747564 -0.3124594 ]
[ 4.5619073  -0.49993503 -0.24996752  5.561777   -0.49993503 -0.6249188
 -0.37495127 -0.24996752]
[ 3.8744965  -0.5624269  -0.6249188   4.4994154  -0.3124594  -0.6249188
 -0.5624269  -0.18747564]
[ 5.561777   -0.6249188  -0.68741065  6.6241393  -0.49993503 -0.68741065
 -0.5624269  -0.12498376]
[ 5.624269   -0.49993503 -0.5624269   6.686631   -0.43744314 -0.5624269
 -0.43744314 -0.18747564]
[ 5.8117447  -0.6249188  -0.68741065  6.936599   -0.5624269  -0.68741065
 -0.5624269  -0.18747564]
[ 5.8742366  -0.68741065 -0.68741065  7.061582   -0.5624269  -0.74990255
 -0.6249188  -0.18747564]
[ 6.0617123  -0.6249188  -0.68741065  7.249058   -0.5624269  -0.68741065
 -0.5624269  -0.18747564]
[ 6.31168    -0.6249188  -0.68741065  7.5615172  -0.5624269  -0.74990255
 -0.6249188  -0.24996752]
[ 6.4366636  -0.68741065 -0.74990255  7.686501   -0.6249188  -0.74990255
 -0.68741065 -0.24996752]
[ 6.31168    -0.74990255 -0.81239444  7.5615172  -0.68741065 -0.81239444
 -0.74990255 -0.18747564]
[ 6.124204   -0.8748863  -0.8748863   7.3115497  -0.81239444 -0.93737817
 -0.81239444 -0.12498376]
[ 5.9992204  -0.8748863  -0.93737817  7.186566   -0.81239444 -0.99987006
 -0.81239444 -0.12498376]
[ 5.9367285  -0.74990255 -0.74990255  7.124074   -0.6249188  -0.81239444
 -0.68741065 -0.12498376]
[ 5.8117447  -0.49993503 -0.43744314  6.99909    -0.37495127 -0.49993503
 -0.37495127 -0.18747564]
[ 5.686761   -0.24996752 -0.18747564  6.749123   -0.12498376 -0.24996752
 -0.12498376 -0.24996752]
[ 5.499285   -0.12498376 -0.06249188  6.5616474   0.06249188 -0.06249188
  0.         -0.3124594 ]
[ 5.499285   -0.06249188  0.          6.4991555   0.12498376  0.
  0.06249188 -0.3124594 ]
[ 5.4367933   0.          0.06249188  6.4991555   0.18747564  0.06249188
  0.06249188 -0.3124594 ]
[ 5.4367933   0.06249188  0.06249188  6.4366636   0.18747564  0.12498376
  0.12498376 -0.3124594 ]
[ 5.4367933   0.06249188  0.06249188  6.4366636   0.18747564  0.12498376
  0.12498376 -0.3124594 ]
[ 5.499285    0.          0.          6.4991555   0.12498376  0.
  0.06249188 -0.3124594 ]
[ 5.561777   -0.06249188  0.          6.5616474   0.06249188  0.
  0.06249188 -0.3124594 ]
[ 5.499285    0.          0.06249188  6.5616474   0.18747564  0.06249188
  0.12498376 -0.3124594 ]
[ 5.3743014   0.12498376  0.18747564  6.4366636   0.24996752  0.18747564
  0.24996752 -0.3124594 ]
[ 5.3743014   0.12498376  0.18747564  6.3741717   0.3124594   0.24996752
  0.24996752 -0.3124594 ]
[ 5.561777    0.06249188  0.12498376  6.5616474   0.24996752  0.12498376
  0.18747564 -0.3124594 ]
[ 5.624269    0.06249188  0.12498376  6.686631    0.18747564  0.12498376
  0.12498376 -0.3124594 ]
[ 5.624269    0.12498376  0.18747564  6.686631    0.24996752  0.18747564
  0.18747564 -0.3124594 ]
[ 5.561777    0.18747564  0.24996752  6.6241393   0.3124594   0.24996752
  0.24996752 -0.37495127]
[ 5.686761    0.18747564  0.24996752  6.686631    0.3124594   0.24996752
  0.24996752 -0.37495127]
[ 5.8742366   0.          0.          6.936599    0.12498376  0.06249188
  0.06249188 -0.3124594 ]
[ 6.3741717  -0.43744314 -0.49993503  7.5615172  -0.43744314 -0.5624269
 -0.43744314 -0.24996752]
[ 4.686891   -0.68741065 -0.49993503  5.686761   -0.68741065 -0.8748863
 -0.6249188  -0.18747564]
[ 4.124464   -0.74990255 -0.8748863   4.811875   -0.5624269  -0.8748863
 -0.81239444 -0.12498376]
[ 5.8117447  -0.93737817 -0.93737817  6.99909    -0.81239444 -0.99987006
 -0.81239444 -0.06249188]
[ 5.749253   -0.6249188  -0.68741065  6.936599   -0.5624269  -0.74990255
 -0.6249188  -0.18747564]
[ 5.9367285  -0.81239444 -0.8748863   7.124074   -0.74990255 -0.8748863
 -0.74990255 -0.12498376]
[ 6.124204   -0.93737817 -0.93737817  7.3115497  -0.8748863  -0.99987006
 -0.8748863  -0.12498376]
[ 6.3741717  -0.81239444 -0.93737817  7.624009   -0.81239444 -0.93737817
 -0.81239444 -0.12498376]
[ 6.6241393  -0.81239444 -0.81239444  7.9364686  -0.68741065 -0.8748863
 -0.74990255 -0.18747564]
[ 6.686631   -0.74990255 -0.74990255  7.9989605  -0.68741065 -0.81239444
 -0.68741065 -0.18747564]
[ 6.4991555  -0.81239444 -0.8748863   7.811485   -0.81239444 -0.93737817
 -0.81239444 -0.18747564]
[ 6.31168    -1.062362   -1.1248538   7.5615172  -1.062362   -1.1873457
 -1.062362   -0.12498376]
[ 6.249188   -1.2498376  -1.3123294   7.4990253  -1.1873457  -1.4373132
 -1.2498376  -0.06249188]
[ 6.249188   -1.1248538  -1.1873457   7.4990253  -1.062362   -1.3123294
 -1.1248538  -0.06249188]
[ 6.0617123  -0.81239444 -0.74990255  7.3115497  -0.6249188  -0.8748863
 -0.68741065 -0.12498376]
[ 5.8117447  -0.37495127 -0.37495127  6.99909    -0.24996752 -0.37495127
 -0.3124594  -0.24996752]
[ 5.624269   -0.18747564 -0.12498376  6.686631   -0.06249188 -0.12498376
 -0.12498376 -0.24996752]
[ 5.499285   -0.06249188 -0.06249188  6.5616474   0.06249188 -0.06249188
  0.         -0.3124594 ]
[ 5.499285   -0.12498376 -0.06249188  6.5616474   0.06249188 -0.06249188
  0.         -0.3124594 ]
[ 5.624269   -0.24996752 -0.18747564  6.686631   -0.06249188 -0.18747564
 -0.12498376 -0.24996752]
[ 5.749253   -0.37495127 -0.37495127  6.811615   -0.24996752 -0.37495127
 -0.3124594  -0.24996752]
[ 5.8742366  -0.5624269  -0.49993503  6.936599   -0.43744314 -0.6249188
 -0.49993503 -0.18747564]
[ 5.8117447  -0.5624269  -0.49993503  6.936599   -0.43744314 -0.5624269
 -0.43744314 -0.18747564]
[ 5.624269   -0.3124594  -0.24996752  6.749123   -0.12498376 -0.3124594
 -0.18747564 -0.18747564]
[ 5.4367933   0.          0.06249188  6.4366636   0.18747564  0.06249188
  0.12498376 -0.24996752]
[ 5.3743014   0.06249188  0.06249188  6.3741717   0.18747564  0.12498376
  0.12498376 -0.3124594 ]
[ 5.624269   -0.18747564 -0.12498376  6.6241393   0.         -0.12498376
 -0.06249188 -0.3124594 ]
[ 5.8117447  -0.18747564 -0.12498376  6.874107   -0.06249188 -0.18747564
 -0.12498376 -0.24996752]
[ 5.8117447  -0.06249188  0.          6.874107    0.12498376  0.
  0.06249188 -0.3124594 ]
[ 5.686761    0.18747564  0.24996752  6.749123    0.37495127  0.3124594
  0.3124594  -0.37495127]
[ 5.686761    0.18747564  0.24996752  6.749123    0.37495127  0.3124594
  0.3124594  -0.37495127]
[ 5.9367285  -0.12498376 -0.12498376  6.99909     0.         -0.12498376
 -0.06249188 -0.3124594 ]
[ 6.4366636  -0.68741065 -0.74990255  7.624009   -0.6249188  -0.81239444
 -0.68741065 -0.18747564]
[ 4.686891   -0.8748863  -0.68741065  5.749253   -0.8748863  -1.062362
 -0.81239444 -0.12498376]
[ 4.3744316  -1.062362   -1.1248538   5.1868258  -0.8748863  -1.1873457
 -1.062362   -0.12498376]
[ 6.124204  -1.3123294 -1.3123294  7.3740416 -1.1248538 -1.4373132
 -1.1873457  0.       ]
[ 6.0617123  -1.062362   -1.062362    7.249058   -0.99987006 -1.1873457
 -0.99987006 -0.12498376]
[ 6.249188  -1.3123294 -1.4373132  7.4365335 -1.3123294 -1.562297
 -1.3123294  0.       ]
[ 6.4991555  -1.562297   -1.6247889   7.748993   -1.562297   -1.8122644
 -1.562297    0.06249188]
[ 6.686631   -1.4373132  -1.4998051   7.9989605  -1.3748213  -1.6872808
 -1.4373132   0.06249188]
[ 6.811615  -1.2498376 -1.2498376  8.123944  -1.1248538 -1.3748213
 -1.1248538  0.       ]
[ 6.749123   -0.99987006 -0.99987006  8.061452   -0.93737817 -1.1248538
 -0.93737817 -0.06249188]
[ 6.5616474  -1.062362   -1.062362    7.8739767  -1.062362   -1.1873457
 -1.062362   -0.12498376]
[ 6.4991555  -1.3748213  -1.4373132   7.748993   -1.3748213  -1.6247889
 -1.3748213  -0.06249188]
[ 6.4991555  -1.6247889  -1.6872808   7.811485   -1.6247889  -1.8747563
 -1.6247889   0.06249188]
[ 6.4366636  -1.4998051  -1.562297    7.811485   -1.4373132  -1.6872808
 -1.4373132   0.06249188]
[ 6.249188   -1.062362   -1.062362    7.5615172  -0.93737817 -1.1248538
 -0.99987006 -0.06249188]
[ 5.9992204  -0.5624269  -0.49993503  7.186566   -0.43744314 -0.5624269
 -0.49993503 -0.18747564]
[ 5.749253   -0.24996752 -0.24996752  6.874107   -0.12498376 -0.24996752
 -0.18747564 -0.24996752]
[ 5.624269   -0.12498376 -0.06249188  6.686631    0.         -0.06249188
 -0.06249188 -0.3124594 ]
[ 5.624269   -0.18747564 -0.12498376  6.6241393  -0.06249188 -0.12498376
 -0.12498376 -0.24996752]
[ 5.686761   -0.37495127 -0.37495127  6.749123   -0.24996752 -0.43744314
 -0.3124594  -0.24996752]
[ 5.8117447  -0.68741065 -0.6249188   6.874107   -0.49993503 -0.74990255
 -0.5624269  -0.12498376]
[ 5.8742366  -0.81239444 -0.81239444  6.99909    -0.68741065 -0.93737817
 -0.74990255 -0.06249188]
[ 5.8117447  -0.74990255 -0.68741065  6.936599   -0.5624269  -0.81239444
 -0.68741065 -0.12498376]
[ 5.561777   -0.43744314 -0.37495127  6.686631   -0.18747564 -0.37495127
 -0.3124594  -0.18747564]
[ 5.3743014  -0.06249188  0.          6.3741717   0.12498376  0.
  0.06249188 -0.24996752]
[ 5.3118095   0.          0.          6.249188    0.12498376  0.
  0.06249188 -0.3124594 ]
[ 5.624269   -0.37495127 -0.43744314  6.686631   -0.3124594  -0.43744314
 -0.3124594  -0.24996752]
[ 5.9367285  -0.49993503 -0.49993503  7.061582   -0.37495127 -0.49993503
 -0.43744314 -0.18747564]
[ 5.9367285  -0.3124594  -0.18747564  7.061582   -0.06249188 -0.24996752
 -0.18747564 -0.24996752]
[ 5.749253    0.18747564  0.24996752  6.811615    0.37495127  0.24996752
  0.24996752 -0.37495127]
[ 5.749253    0.18747564  0.24996752  6.749123    0.3124594   0.24996752
  0.24996752 -0.37495127]
[ 5.9992204  -0.18747564 -0.24996752  7.124074   -0.12498376 -0.24996752
 -0.18747564 -0.3124594 ]
[ 6.4991555  -0.74990255 -0.8748863   7.748993   -0.74990255 -0.93737817
 -0.81239444 -0.18747564]
[ 4.749383   -0.99987006 -0.74990255  5.8117447  -0.93737817 -1.1248538
 -0.8748863  -0.12498376]
[ 4.749383   -1.1248538  -1.2498376   5.624269   -0.99987006 -1.2498376
 -1.1873457  -0.18747564]
[ 6.6241393 -1.562297  -1.6247889  7.9364686 -1.4373132 -1.6872808
 -1.4998051  0.       ]
[ 6.4991555 -1.562297  -1.6872808  7.811485  -1.6247889 -1.8747563
 -1.6247889  0.       ]
[ 6.6241393  -2.062232   -2.1872158   7.9364686  -2.124724   -2.4371834
 -2.124724    0.12498376]
[ 6.749123   -2.4371834  -2.562167    8.123944   -2.4371834  -2.8121345
 -2.4371834   0.24996752]
[ 6.811615   -2.3121996  -2.3746915   8.186436   -2.2497077  -2.6246588
 -2.3121996   0.24996752]
[ 6.811615   -1.9997401  -2.062232    8.186436   -1.8747563  -2.2497077
 -1.9372482   0.18747564]
[ 6.749123   -1.6872808  -1.6872808   8.123944   -1.6247889  -1.9372482
 -1.6247889   0.06249188]
[ 6.686631   -1.6872808  -1.7497725   7.9989605  -1.6247889  -1.9372482
 -1.6247889   0.06249188]
[ 6.6241393  -1.8122644  -1.9372482   7.9989605  -1.8747563  -2.1872158
 -1.8747563   0.06249188]
[ 6.6241393  -1.9372482  -2.062232    7.9989605  -1.9372482  -2.2497077
 -1.9372482   0.12498376]
[ 6.5616474  -1.6872808  -1.8122644   7.9364686  -1.6247889  -1.9372482
 -1.6872808   0.12498376]
[ 6.3741717 -1.2498376 -1.2498376  7.624009  -1.062362  -1.3123294
 -1.1248538  0.       ]
[ 6.124204   -0.68741065 -0.68741065  7.3115497  -0.5624269  -0.68741065
 -0.6249188  -0.18747564]
[ 5.8117447  -0.3124594  -0.3124594   6.99909    -0.18747564 -0.3124594
 -0.24996752 -0.24996752]
[ 5.686761   -0.12498376 -0.12498376  6.749123    0.         -0.12498376
 -0.06249188 -0.24996752]
[ 5.561777   -0.12498376 -0.12498376  6.6241393  -0.06249188 -0.12498376
 -0.12498376 -0.24996752]
[ 5.561777   -0.3124594  -0.37495127  6.6241393  -0.24996752 -0.37495127
 -0.3124594  -0.24996752]
[ 5.499285   -0.5624269  -0.5624269   6.6241393  -0.49993503 -0.6249188
 -0.5624269  -0.12498376]
[ 5.499285   -0.6249188  -0.74990255  6.6241393  -0.5624269  -0.74990255
 -0.6249188  -0.12498376]
[ 5.499285   -0.49993503 -0.5624269   6.5616474  -0.43744314 -0.5624269
 -0.49993503 -0.12498376]
[ 5.3743014  -0.3124594  -0.24996752  6.4366636  -0.12498376 -0.18747564
 -0.18747564 -0.18747564]
[ 5.1868258   0.          0.          6.186696    0.18747564  0.06249188
  0.06249188 -0.24996752]
[ 5.1868258  -0.06249188 -0.06249188  6.124204    0.06249188  0.
  0.         -0.3124594 ]
[ 5.561777   -0.49993503 -0.6249188   6.6241393  -0.49993503 -0.6249188
 -0.49993503 -0.18747564]
[ 6.0617123  -0.6249188  -0.68741065  7.186566   -0.5624269  -0.68741065
 -0.6249188  -0.18747564]
[ 6.124204   -0.49993503 -0.37495127  7.3115497  -0.24996752 -0.43744314
 -0.37495127 -0.18747564]
[ 5.8742366   0.12498376  0.18747564  6.936599    0.3124594   0.24996752
  0.24996752 -0.37495127]
[ 5.749253    0.18747564  0.24996752  6.749123    0.37495127  0.24996752
  0.3124594  -0.37495127]
[ 6.0617123  -0.12498376 -0.18747564  7.186566   -0.06249188 -0.18747564
 -0.12498376 -0.3124594 ]
[ 6.5616474  -0.6249188  -0.74990255  7.811485   -0.68741065 -0.74990255
 -0.68741065 -0.24996752]
[ 4.749383   -0.8748863  -0.6249188   5.8117447  -0.81239444 -0.93737817
 -0.74990255 -0.18747564]
[ 5.061842   -0.93737817 -1.062362    5.9992204  -0.74990255 -1.062362
 -0.99987006 -0.24996752]
[ 7.186566   -1.562297   -1.6247889   8.561387   -1.562297   -1.6872808
 -1.562297   -0.06249188]
[ 6.99909    -1.9997401  -2.1872158   8.436403   -2.124724   -2.4371834
 -2.124724    0.06249188]
[ 6.936599   -2.6246588  -2.8746264   8.436403   -2.7496426  -3.124594
 -2.6871507   0.24996752]
[ 7.061582  -2.8746264 -3.124594   8.623879  -2.9996102 -3.3745615
 -2.9996102  0.3124594]
[ 7.061582  -2.8121345 -3.062102   8.561387  -2.8746264 -3.2495778
 -2.8746264  0.3124594]
[ 6.936599  -2.6246588 -2.8121345  8.373912  -2.6246588 -2.9996102
 -2.6246588  0.3124594]
[ 6.811615   -2.4371834  -2.562167    8.186436   -2.4371834  -2.8121345
 -2.4371834   0.24996752]
[ 6.749123   -2.3746915  -2.4996753   8.186436   -2.4371834  -2.8121345
 -2.3746915   0.24996752]
[ 6.749123   -2.3746915  -2.4996753   8.186436   -2.4371834  -2.8121345
 -2.3746915   0.24996752]
[ 6.686631   -2.2497077  -2.3121996   8.061452   -2.1872158  -2.562167
 -2.2497077   0.24996752]
[ 6.5616474  -1.8122644  -1.8747563   7.8739767  -1.6872808  -1.9997401
 -1.7497725   0.12498376]
[ 6.3741717 -1.2498376 -1.3123294  7.624009  -1.1248538 -1.3748213
 -1.1873457  0.       ]
[ 6.124204   -0.81239444 -0.74990255  7.3740416  -0.6249188  -0.81239444
 -0.68741065 -0.12498376]
[ 5.8742366  -0.43744314 -0.37495127  7.061582   -0.24996752 -0.37495127
 -0.3124594  -0.18747564]
[ 5.686761   -0.18747564 -0.12498376  6.749123   -0.06249188 -0.12498376
 -0.12498376 -0.24996752]
[ 5.499285   -0.12498376 -0.06249188  6.5616474   0.         -0.12498376
 -0.06249188 -0.24996752]
[ 5.3118095  -0.12498376 -0.12498376  6.31168    -0.06249188 -0.12498376
 -0.12498376 -0.24996752]
[ 5.124334   -0.18747564 -0.18747564  6.124204   -0.12498376 -0.18747564
 -0.12498376 -0.24996752]
[ 5.124334   -0.18747564 -0.24996752  6.124204   -0.06249188 -0.18747564
 -0.12498376 -0.24996752]
[ 5.1868258  -0.12498376 -0.12498376  6.186696    0.         -0.06249188
 -0.06249188 -0.24996752]
[ 5.1868258   0.          0.          6.186696    0.12498376  0.06249188
  0.06249188 -0.24996752]
[ 5.124334    0.06249188  0.12498376  6.0617123   0.24996752  0.12498376
  0.12498376 -0.3124594 ]
[ 5.124334   -0.06249188 -0.06249188  6.124204    0.06249188  0.
  0.06249188 -0.3124594 ]
[ 5.624269   -0.5624269  -0.68741065  6.686631   -0.5624269  -0.68741065
 -0.5624269  -0.24996752]
[ 6.186696   -0.68741065 -0.81239444  7.3740416  -0.6249188  -0.81239444
 -0.68741065 -0.18747564]
[ 6.249188   -0.6249188  -0.49993503  7.4990253  -0.37495127 -0.5624269
 -0.49993503 -0.18747564]
[ 5.8742366   0.06249188  0.12498376  7.061582    0.18747564  0.12498376
  0.12498376 -0.3124594 ]
[ 5.686761    0.18747564  0.18747564  6.749123    0.3124594   0.24996752
  0.3124594  -0.37495127]
[ 6.0617123   0.06249188  0.          7.186566    0.12498376  0.06249188
  0.06249188 -0.37495127]
[ 6.5616474  -0.3124594  -0.37495127  7.8739767  -0.3124594  -0.37495127
 -0.3124594  -0.3124594 ]
[ 4.811875   -0.49993503 -0.3124594   5.8117447  -0.49993503 -0.6249188
 -0.43744314 -0.3124594 ]
[ 5.3118095  -0.6249188  -0.74990255  6.249188   -0.43744314 -0.74990255
 -0.6249188  -0.24996752]
[ 7.624009   -1.3123294  -1.4373132   9.123815   -1.4373132  -1.562297
 -1.3748213  -0.12498376]
[ 7.3740416  -2.124724   -2.3121996   8.936338   -2.3746915  -2.562167
 -2.2497077   0.06249188]
[ 7.3740416  -2.562167   -2.8746264   8.998831   -2.7496426  -3.062102
 -2.6871507   0.18747564]
[ 7.4990253  -2.562167   -2.8121345   9.186306   -2.6246588  -2.9996102
 -2.6871507   0.12498376]
[ 7.5615172  -2.562167   -2.8121345   9.186306   -2.6871507  -2.9371183
 -2.6871507   0.12498376]
[ 7.249058   -2.6871507  -2.9996102   8.811355   -2.8121345  -3.124594
 -2.8121345   0.24996752]
[ 6.936599   -2.9996102  -3.1870859   8.373912   -2.9996102  -3.4370534
 -2.9996102   0.37495127]
[ 6.874107   -2.9371183  -3.124594    8.3114195  -2.9996102  -3.4370534
 -2.9996102   0.37495127]
[ 6.749123  -2.7496426 -2.8746264  8.248928  -2.7496426 -3.1870859
 -2.7496426  0.3124594]
[ 6.6241393  -2.3121996  -2.4371834   8.061452   -2.2497077  -2.6246588
 -2.3121996   0.24996752]
[ 6.4366636  -1.6872808  -1.8122644   7.748993   -1.6247889  -1.9372482
 -1.6872808   0.12498376]
[ 6.249188   -1.1873457  -1.2498376   7.5615172  -1.062362   -1.3123294
 -1.1248538  -0.06249188]
[ 6.124204   -0.81239444 -0.81239444  7.3115497  -0.68741065 -0.81239444
 -0.74990255 -0.12498376]
[ 5.8742366  -0.43744314 -0.43744314  6.99909    -0.3124594  -0.43744314
 -0.37495127 -0.18747564]
[ 5.686761   -0.24996752 -0.18747564  6.749123   -0.06249188 -0.18747564
 -0.12498376 -0.24996752]
[ 5.4367933  -0.06249188 -0.06249188  6.4991555   0.06249188  0.
  0.         -0.3124594 ]
[ 5.2493176   0.          0.06249188  6.249188    0.12498376  0.06249188
  0.06249188 -0.3124594 ]
[ 5.061842    0.06249188  0.06249188  5.9992204   0.18747564  0.12498376
  0.12498376 -0.3124594 ]
[ 4.9993505   0.          0.          5.9367285   0.18747564  0.06249188
  0.12498376 -0.3124594 ]
[ 5.124334    0.          0.          6.0617123   0.12498376  0.06249188
  0.06249188 -0.3124594 ]
[ 5.124334    0.          0.06249188  6.124204    0.18747564  0.06249188
  0.06249188 -0.3124594 ]
[ 5.124334    0.06249188  0.06249188  6.124204    0.18747564  0.12498376
  0.12498376 -0.3124594 ]
[ 5.2493176  -0.06249188 -0.06249188  6.249188    0.06249188 -0.06249188
  0.         -0.3124594 ]
[ 5.749253   -0.68741065 -0.8748863   6.811615   -0.74990255 -0.8748863
 -0.68741065 -0.18747564]
[ 6.3741717  -0.8748863  -0.99987006  7.624009   -0.8748863  -0.99987006
 -0.93737817 -0.06249188]
[ 6.4366636  -0.74990255 -0.6249188   7.686501   -0.49993503 -0.74990255
 -0.6249188  -0.12498376]
[ 5.9367285  -0.06249188  0.06249188  7.124074    0.12498376  0.06249188
  0.06249188 -0.3124594 ]
[ 5.686761    0.24996752  0.24996752  6.749123    0.37495127  0.37495127
  0.37495127 -0.37495127]
[ 6.186696    0.3124594   0.24996752  7.3115497   0.43744314  0.37495127
  0.37495127 -0.43744314]
[ 6.811615    0.06249188  0.06249188  8.123944    0.12498376  0.12498376
  0.06249188 -0.43744314]
[ 4.9993505  -0.12498376  0.06249188  6.124204   -0.18747564 -0.24996752
 -0.12498376 -0.43744314]
[ 5.3118095  -0.43744314 -0.49993503  6.186696   -0.12498376 -0.43744314
 -0.37495127 -0.24996752]
[ 7.748993   -0.81239444 -0.93737817  9.248798   -0.93737817 -1.062362
 -0.8748863  -0.24996752]
[ 7.686501   -1.6247889  -1.8122644   9.373782   -1.8747563  -1.9372482
 -1.7497725  -0.12498376]
[ 7.811485  -1.8747563 -2.2497077  9.561257  -2.062232  -2.1872158
 -2.062232   0.       ]
[ 8.061452  -1.8122644 -1.9997401  9.811225  -1.8122644 -2.062232
 -1.8122644  0.       ]
[ 8.061452   -1.9997401  -2.124724    9.7487335  -2.1872158  -2.3121996
 -2.062232   -0.06249188]
[ 7.5615172  -2.4996753  -2.7496426   9.186306   -2.7496426  -2.9371183
 -2.6871507   0.18747564]
[ 6.99909    -3.2495778  -3.499545    8.498896   -3.3745615  -3.8120046
 -3.3120697   0.43744314]
[ 6.874107   -3.1870859  -3.4370534   8.373912   -3.3120697  -3.7495127
 -3.2495778   0.43744314]
[ 6.749123   -2.8121345  -2.9996102   8.248928   -2.8121345  -3.1870859
 -2.8121345   0.37495127]
[ 6.4991555  -2.1872158  -2.3121996   7.9364686  -2.062232   -2.4371834
 -2.124724    0.24996752]
[ 6.31168    -1.4998051  -1.562297    7.624009   -1.3748213  -1.6247889
 -1.4373132   0.06249188]
[ 6.124204   -0.99987006 -1.062362    7.3740416  -0.93737817 -1.1248538
 -0.93737817 -0.06249188]
[ 5.9992204  -0.68741065 -0.68741065  7.186566   -0.5624269  -0.68741065
 -0.6249188  -0.12498376]
[ 5.749253   -0.43744314 -0.37495127  6.874107   -0.24996752 -0.37495127
 -0.3124594  -0.24996752]
[ 5.624269   -0.18747564 -0.18747564  6.686631   -0.06249188 -0.18747564
 -0.12498376 -0.24996752]
[ 5.499285   -0.12498376 -0.06249188  6.4991555   0.         -0.06249188
 -0.06249188 -0.3124594 ]
[ 5.3118095  -0.06249188  0.          6.31168     0.12498376  0.
  0.06249188 -0.3124594 ]
[ 5.124334    0.          0.06249188  6.124204    0.12498376  0.06249188
  0.12498376 -0.3124594 ]
[ 5.124334   -0.06249188 -0.06249188  6.0617123   0.06249188  0.
  0.06249188 -0.3124594 ]
[ 5.3118095  -0.12498376 -0.12498376  6.31168     0.         -0.06249188
 -0.06249188 -0.3124594 ]
[ 5.4367933  -0.18747564 -0.18747564  6.4366636  -0.06249188 -0.12498376
 -0.06249188 -0.3124594 ]
[ 5.499285   -0.12498376 -0.18747564  6.5616474  -0.06249188 -0.12498376
 -0.06249188 -0.3124594 ]
[ 5.749253   -0.43744314 -0.49993503  6.811615   -0.37495127 -0.49993503
 -0.37495127 -0.24996752]
[ 6.249188   -1.1873457  -1.3748213   7.3740416  -1.3123294  -1.4998051
 -1.2498376  -0.06249188]
[ 6.686631   -1.3748213  -1.4998051   8.061452   -1.4373132  -1.6872808
 -1.4373132   0.06249188]
[ 6.5616474  -1.062362   -0.93737817  7.8739767  -0.81239444 -1.062362
 -0.93737817  0.        ]
[ 6.0617123  -0.12498376  0.          7.186566    0.06249188 -0.06249188
  0.         -0.3124594 ]
[ 5.749253    0.3124594   0.3124594   6.874107    0.49993503  0.43744314
  0.43744314 -0.37495127]
[ 6.31168     0.43744314  0.43744314  7.4990253   0.6249188   0.5624269
  0.5624269  -0.43744314]
[ 7.124074    0.3124594   0.37495127  8.436403    0.43744314  0.37495127
  0.37495127 -0.49993503]
[ 5.3118095   0.06249188  0.3124594   6.4366636   0.          0.
  0.06249188 -0.49993503]
[ 5.1868258  -0.24996752 -0.3124594   6.0617123   0.06249188 -0.24996752
 -0.18747564 -0.3124594 ]
[ 7.686501   -0.24996752 -0.3124594   9.248798   -0.24996752 -0.3124594
 -0.24996752 -0.3124594 ]
[ 7.9364686  -0.74990255 -0.8748863   9.561257   -0.8748863  -0.8748863
 -0.8748863  -0.37495127]
[ 8.186436   -0.99987006 -1.2498376   9.873717   -1.1248538  -1.1248538
 -1.1248538  -0.18747564]
[ 8.373912   -0.99987006 -1.1248538  10.0611925  -0.8748863  -1.062362
 -0.99987006 -0.12498376]
[ 8.3114195  -1.4373132  -1.4998051   9.936209   -1.562297   -1.6872808
 -1.4998051  -0.18747564]
[ 7.748993  -2.124724  -2.3746915  9.436274  -2.4996753 -2.6246588
 -2.3746915  0.       ]
[ 7.061582   -3.2495778  -3.499545    8.686371   -3.3745615  -3.8120046
 -3.3745615   0.43744314]
[ 6.811615   -3.1870859  -3.4370534   8.373912   -3.2495778  -3.7495127
 -3.2495778   0.43744314]
[ 6.686631  -2.6246588 -2.8121345  8.123944  -2.6246588 -2.9996102
 -2.6246588  0.3124594]
[ 6.4366636  -1.9372482  -1.9997401   7.811485   -1.8122644  -2.124724
 -1.8747563   0.18747564]
[ 6.186696  -1.2498376 -1.3123294  7.4990253 -1.1248538 -1.3748213
 -1.1873457  0.       ]
[ 6.124204   -0.8748863  -0.8748863   7.3115497  -0.74990255 -0.93737817
 -0.81239444 -0.12498376]
[ 5.9992204  -0.6249188  -0.6249188   7.186566   -0.49993503 -0.6249188
 -0.5624269  -0.18747564]
[ 5.8742366  -0.43744314 -0.49993503  6.99909    -0.37495127 -0.43744314
 -0.37495127 -0.24996752]
[ 5.8117447  -0.43744314 -0.43744314  6.936599   -0.3124594  -0.43744314
 -0.37495127 -0.24996752]
[ 5.8117447  -0.49993503 -0.49993503  6.874107   -0.37495127 -0.49993503
 -0.37495127 -0.24996752]
[ 5.749253   -0.49993503 -0.49993503  6.811615   -0.43744314 -0.5624269
 -0.43744314 -0.18747564]
[ 5.686761   -0.5624269  -0.5624269   6.749123   -0.49993503 -0.6249188
 -0.49993503 -0.18747564]
[ 5.749253   -0.81239444 -0.81239444  6.811615   -0.74990255 -0.8748863
 -0.74990255 -0.12498376]
[ 5.9992204  -1.062362   -1.062362    7.061582   -0.99987006 -1.1873457
 -0.99987006 -0.06249188]
[ 6.124204  -1.2498376 -1.2498376  7.249058  -1.1873457 -1.3748213
 -1.1248538  0.       ]
[ 6.31168   -1.3123294 -1.3123294  7.4365335 -1.2498376 -1.4998051
 -1.1873457  0.       ]
[ 6.4991555  -1.6247889  -1.6872808   7.624009   -1.6247889  -1.9372482
 -1.6247889   0.06249188]
[ 6.6241393  -2.2497077  -2.3746915   7.9989605  -2.3746915  -2.7496426
 -2.3121996   0.18747564]
[ 6.811615   -2.1872158  -2.3121996   8.3114195  -2.1872158  -2.562167
 -2.2497077   0.24996752]
[ 6.6241393  -1.4373132  -1.3123294   7.9364686  -1.1248538  -1.4998051
 -1.2498376   0.12498376]
[ 6.124204   -0.24996752 -0.12498376  7.3115497  -0.06249188 -0.18747564
 -0.12498376 -0.24996752]
[ 5.8117447   0.37495127  0.37495127  6.874107    0.49993503  0.43744314
  0.43744314 -0.37495127]
[ 6.4366636   0.49993503  0.49993503  7.5615172   0.74990255  0.68741065
  0.6249188  -0.43744314]
[ 7.3115497   0.43744314  0.5624269   8.623879    0.6249188   0.6249188
  0.5624269  -0.49993503]
[ 5.499285    0.18747564  0.49993503  6.6241393   0.12498376  0.18747564
  0.24996752 -0.49993503]
[ 5.061842   -0.06249188 -0.18747564  5.9367285   0.24996752  0.
 -0.06249188 -0.3124594 ]
[ 7.624009    0.24996752  0.24996752  9.061322    0.43744314  0.37495127
  0.3124594  -0.43744314]
[ 7.9989605   0.12498376  0.18747564  9.561257    0.12498376  0.18747564
  0.12498376 -0.49993503]
[ 8.248928   -0.12498376 -0.18747564  9.873717   -0.18747564 -0.12498376
 -0.24996752 -0.43744314]
[ 8.373912   -0.3124594  -0.37495127  9.998701   -0.24996752 -0.24996752
 -0.3124594  -0.3124594 ]
[ 8.3114195  -0.8748863  -0.93737817  9.936209   -0.99987006 -1.062362
 -0.93737817 -0.3124594 ]
[ 7.9364686  -1.6872808  -1.8747563   9.62375    -2.062232   -2.062232
 -1.9372482  -0.18747564]
[ 7.3115497  -2.9371183  -3.1870859   8.936338   -3.124594   -3.4370534
 -3.062102    0.24996752]
[ 6.936599   -3.124594   -3.3745615   8.498896   -3.1870859  -3.562037
 -3.1870859   0.43744314]
[ 6.686631   -2.6871507  -2.8121345   8.123944   -2.6246588  -2.9996102
 -2.6246588   0.37495127]
[ 6.4991555  -1.9997401  -2.124724    7.8739767  -1.9372482  -2.2497077
 -1.9372482   0.18747564]
[ 6.3741717  -1.4998051  -1.562297    7.624009   -1.4373132  -1.6872808
 -1.4373132   0.06249188]
[ 6.3741717 -1.3123294 -1.3748213  7.624009  -1.2498376 -1.4373132
 -1.2498376  0.       ]
[ 6.31168   -1.2498376 -1.2498376  7.5615172 -1.1248538 -1.3748213
 -1.1248538  0.       ]
[ 6.249188   -1.1873457  -1.1873457   7.4365335  -1.1248538  -1.3123294
 -1.1248538  -0.06249188]
[ 6.249188  -1.1873457 -1.2498376  7.4365335 -1.1873457 -1.4373132
 -1.1248538  0.       ]
[ 6.249188  -1.3123294 -1.3123294  7.4365335 -1.2498376 -1.4998051
 -1.2498376  0.       ]
[ 6.186696  -1.4373132 -1.3748213  7.3740416 -1.3123294 -1.6247889
 -1.3748213  0.       ]
[ 6.186696   -1.4998051  -1.4998051   7.3740416  -1.4373132  -1.7497725
 -1.4373132   0.06249188]
[ 6.249188   -1.8122644  -1.8122644   7.4990253  -1.6872808  -2.124724
 -1.7497725   0.12498376]
[ 6.4366636  -2.1872158  -2.1872158   7.686501   -2.124724   -2.4996753
 -2.124724    0.18747564]
[ 6.6241393 -2.4996753 -2.4996753  7.8739767 -2.4371834 -2.9371183
 -2.4996753  0.3124594]
[ 6.686631   -2.6871507  -2.6871507   7.9989605  -2.6246588  -3.124594
 -2.6246588   0.37495127]
[ 6.749123   -2.9996102  -2.9996102   8.123944   -2.9371183  -3.499545
 -2.9371183   0.43744314]
[ 6.811615   -3.2495778  -3.4370534   8.248928   -3.3745615  -3.8744965
 -3.3120697   0.49993503]
[ 6.936599   -2.8746264  -2.9996102   8.436403   -2.8121345  -3.2495778
 -2.8746264   0.43744314]
[ 6.749123   -1.6872808  -1.6247889   8.123944   -1.3748213  -1.7497725
 -1.4998051   0.18747564]
[ 6.249188   -0.37495127 -0.24996752  7.4365335  -0.12498376 -0.3124594
 -0.18747564 -0.24996752]
[ 5.8117447   0.3124594   0.3124594   6.874107    0.43744314  0.43744314
  0.37495127 -0.37495127]
[ 6.249188    0.43744314  0.43744314  7.3740416   0.68741065  0.6249188
  0.5624269  -0.37495127]
[ 7.124074    0.37495127  0.49993503  8.373912    0.6249188   0.5624269
  0.49993503 -0.43744314]
[ 5.3743014   0.12498376  0.49993503  6.4366636   0.12498376  0.12498376
  0.24996752 -0.49993503]
[ 5.061842    0.         -0.06249188  5.8742366   0.3124594   0.06249188
  0.         -0.3124594 ]
[ 7.624009    0.37495127  0.37495127  9.061322    0.5624269   0.5624269
  0.49993503 -0.43744314]
[ 8.123944    0.6249188   0.68741065  9.62375     0.68741065  0.74990255
  0.6249188  -0.6249188 ]
[ 8.373912    0.5624269   0.49993503 10.0611925   0.49993503  0.6249188
  0.43744314 -0.6249188 ]
[ 8.498896    0.37495127  0.3124594  10.186176    0.37495127  0.49993503
  0.3124594  -0.5624269 ]
[ 8.498896   -0.3124594  -0.37495127 10.186176   -0.43744314 -0.37495127
 -0.37495127 -0.43744314]
[ 8.248928   -1.3748213  -1.562297    9.873717   -1.7497725  -1.7497725
 -1.562297   -0.18747564]
[ 7.624009   -2.7496426  -2.9996102   9.248798   -2.9996102  -3.2495778
 -2.8746264   0.24996752]
[ 6.99909    -3.1870859  -3.4370534   8.561387   -3.3120697  -3.6870208
 -3.2495778   0.43744314]
[ 6.686631   -2.9371183  -3.124594    8.123944   -2.9371183  -3.3745615
 -2.9371183   0.43744314]
[ 6.6241393 -2.4996753 -2.562167   7.9364686 -2.3746915 -2.8121345
 -2.4371834  0.3124594]
[ 6.5616474  -2.124724   -2.1872158   7.8739767  -2.062232   -2.4371834
 -2.124724    0.18747564]
[ 6.6241393  -1.9997401  -2.062232    7.9364686  -1.9372482  -2.3121996
 -1.9997401   0.12498376]
[ 6.686631   -1.8747563  -1.9372482   7.9989605  -1.8122644  -2.1872158
 -1.8747563   0.12498376]
[ 6.686631   -1.8122644  -1.8122644   7.9989605  -1.6872808  -2.062232
 -1.7497725   0.06249188]
[ 6.6241393  -1.6872808  -1.7497725   7.9989605  -1.6247889  -1.9372482
 -1.6872808   0.06249188]
[ 6.6241393 -1.6247889 -1.6872808  7.9989605 -1.562297  -1.8747563
 -1.6247889  0.       ]
[ 6.6241393  -1.4998051  -1.6247889   8.061452   -1.4998051  -1.7497725
 -1.562297   -0.06249188]
[ 6.6241393  -1.562297   -1.6872808   8.061452   -1.562297   -1.8122644
 -1.562297   -0.06249188]
[ 6.749123  -1.9372482 -2.1872158  8.186436  -1.9997401 -2.3121996
 -2.062232   0.       ]
[ 6.811615   -2.6871507  -2.9371183   8.248928   -2.8746264  -3.1870859
 -2.8746264   0.24996752]
[ 6.811615   -3.4370534  -3.6870208   8.248928   -3.562037   -4.061972
 -3.562037    0.49993503]
[ 6.749123  -3.8120046 -4.061972   8.186436  -3.9369884 -4.4994154
 -3.8744965  0.6249188]
[ 6.686631   -3.8744965  -4.186956    8.123944   -3.9994802  -4.5619073
 -3.9994802   0.68741065]
[ 6.686631   -3.8744965  -4.186956    8.123944   -3.9994802  -4.5619073
 -3.9994802   0.68741065]
[ 6.874107   -3.1870859  -3.4370534   8.373912   -3.124594   -3.624529
 -3.1870859   0.49993503]
[ 6.874107   -1.8122644  -1.8122644   8.248928   -1.4998051  -1.9372482
 -1.6872808   0.18747564]
[ 6.3741717  -0.49993503 -0.3124594   7.624009   -0.24996752 -0.37495127
 -0.3124594  -0.18747564]
[ 5.8742366   0.3124594   0.3124594   6.99909     0.43744314  0.43744314
  0.37495127 -0.43744314]
[ 6.0617123   0.37495127  0.3124594   7.186566    0.5624269   0.49993503
  0.43744314 -0.37495127]
[ 6.811615    0.24996752  0.37495127  7.9989605   0.49993503  0.43744314
  0.37495127 -0.37495127]
[ 5.061842    0.06249188  0.37495127  6.0617123   0.06249188  0.
  0.12498376 -0.43744314]
[ 4.9993505  -0.12498376 -0.12498376  5.8117447   0.24996752  0.
  0.         -0.3124594 ]
[ 7.5615172   0.12498376  0.18747564  8.936338    0.37495127  0.3124594
  0.24996752 -0.37495127]
[ 8.186436    0.43744314  0.49993503  9.62375     0.49993503  0.5624269
  0.49993503 -0.49993503]
[ 8.686371    0.5624269   0.6249188  10.31116     0.6249188   0.68741065
  0.6249188  -0.5624269 ]
[ 8.811355    0.5624269   0.6249188  10.436144    0.6249188   0.74990255
  0.6249188  -0.6249188 ]
[ 8.686371   -0.12498376 -0.06249188 10.248668   -0.18747564 -0.06249188
 -0.12498376 -0.43744314]
[ 8.248928   -1.4373132  -1.4373132   9.873717   -1.6247889  -1.7497725
 -1.4998051  -0.12498376]
[ 7.5615172  -2.6871507  -2.8746264   9.186306   -2.9371183  -3.2495778
 -2.8121345   0.24996752]
[ 7.061582   -3.1870859  -3.4370534   8.623879   -3.3120697  -3.7495127
 -3.3120697   0.43744314]
[ 6.874107   -3.062102   -3.3120697   8.373912   -3.062102   -3.562037
 -3.124594    0.37495127]
[ 6.811615   -2.6871507  -2.8746264   8.3114195  -2.6871507  -3.062102
 -2.6871507   0.24996752]
[ 6.874107   -2.3121996  -2.4996753   8.373912   -2.3121996  -2.6871507
 -2.3746915   0.18747564]
[ 6.936599   -2.062232   -2.2497077   8.436403   -2.062232   -2.3746915
 -2.124724    0.12498376]
[ 6.99909   -1.7497725 -1.9372482  8.561387  -1.8122644 -2.062232
 -1.8747563  0.       ]
[ 6.99909    -1.4998051  -1.6872808   8.498896   -1.562297   -1.7497725
 -1.562297   -0.06249188]
[ 6.874107   -1.2498376  -1.4373132   8.373912   -1.3123294  -1.4373132
 -1.3123294  -0.06249188]
[ 6.749123   -1.062362   -1.2498376   8.248928   -1.1248538  -1.2498376
 -1.1248538  -0.12498376]
[ 6.749123   -0.81239444 -0.99987006  8.186436   -0.8748863  -0.93737817
 -0.8748863  -0.18747564]
[ 6.811615   -0.74990255 -0.93737817  8.186436   -0.81239444 -0.8748863
 -0.81239444 -0.18747564]
[ 6.874107   -1.3123294  -1.4998051   8.3114195  -1.4373132  -1.4998051
 -1.3748213  -0.12498376]
[ 6.874107   -2.3746915  -2.6871507   8.248928   -2.6246588  -2.8746264
 -2.562167    0.12498376]
[ 6.749123   -3.4370534  -3.8120046   8.186436   -3.6870208  -4.124464
 -3.624529    0.49993503]
[ 6.5616474  -4.061972   -4.3744316   7.9989605  -4.186956   -4.749383
 -4.124464    0.68741065]
[ 6.4991555  -4.061972   -4.3744316   7.9364686  -4.186956   -4.749383
 -4.124464    0.68741065]
[ 6.4991555  -3.9994802  -4.3119397   7.9989605  -4.124464   -4.686891
 -4.061972    0.68741065]
[ 6.874107  -3.3120697 -3.562037   8.373912  -3.2495778 -3.7495127
 -3.3120697  0.5624269]
[ 6.936599   -1.8747563  -1.8747563   8.373912   -1.562297   -1.9997401
 -1.7497725   0.24996752]
[ 6.5616474  -0.5624269  -0.37495127  7.811485   -0.3124594  -0.49993503
 -0.37495127 -0.18747564]
[ 5.9992204   0.3124594   0.37495127  7.186566    0.37495127  0.43744314
  0.37495127 -0.43744314]
[ 6.0617123   0.37495127  0.3124594   7.186566    0.49993503  0.49993503
  0.43744314 -0.37495127]
[ 6.6241393   0.24996752  0.24996752  7.811485    0.43744314  0.37495127
  0.3124594  -0.43744314]
[ 4.8743668   0.          0.24996752  5.8742366   0.         -0.06249188
  0.06249188 -0.43744314]
[ 4.9368587  -0.24996752 -0.24996752  5.686761    0.12498376 -0.12498376
 -0.12498376 -0.24996752]
[ 7.4365335  -0.3124594  -0.24996752  8.686371   -0.12498376 -0.24996752
 -0.18747564 -0.24996752]
[ 7.9989605  -0.18747564 -0.12498376  9.436274    0.         -0.12498376
 -0.12498376 -0.24996752]
[ 8.561387    0.          0.18747564 10.123684    0.24996752  0.12498376
  0.12498376 -0.3124594 ]
[ 8.873847    0.12498376  0.37495127 10.436144    0.3124594   0.3124594
  0.3124594  -0.43744314]
[ 8.561387   -0.43744314 -0.37495127 10.123684   -0.5624269  -0.5624269
 -0.49993503 -0.37495127]
[ 7.9989605  -1.6872808  -1.8122644   9.62375    -1.9997401  -2.124724
 -1.8747563  -0.06249188]
[ 7.3740416  -2.7496426  -2.9996102   8.998831   -2.9996102  -3.3120697
 -2.9371183   0.24996752]
[ 6.99909    -3.062102   -3.3120697   8.561387   -3.1870859  -3.562037
 -3.124594    0.37495127]
[ 6.936599  -2.7496426 -3.062102   8.498896  -2.8121345 -3.2495778
 -2.8121345  0.3124594]
[ 6.936599   -2.3121996  -2.4996753   8.436403   -2.3746915  -2.6871507
 -2.3746915   0.18747564]
[ 6.936599   -1.8747563  -2.124724    8.498896   -1.9372482  -2.1872158
 -1.9372482   0.06249188]
[ 6.99909   -1.4373132 -1.6247889  8.561387  -1.4373132 -1.6247889
 -1.4998051  0.       ]
[ 7.186566   -1.062362   -1.1873457   8.623879   -1.062362   -1.1873457
 -1.062362   -0.12498376]
[ 7.186566   -0.68741065 -0.81239444  8.623879   -0.68741065 -0.74990255
 -0.68741065 -0.18747564]
[ 7.061582   -0.43744314 -0.49993503  8.436403   -0.37495127 -0.37495127
 -0.37495127 -0.24996752]
[ 6.874107   -0.12498376 -0.12498376  8.248928    0.          0.
 -0.06249188 -0.3124594 ]
[ 6.874107    0.18747564  0.18747564  8.186436    0.3124594   0.3124594
  0.24996752 -0.37495127]
[ 6.936599    0.24996752  0.24996752  8.248928    0.37495127  0.37495127
  0.3124594  -0.43744314]
[ 7.061582   -0.43744314 -0.49993503  8.373912   -0.49993503 -0.5624269
 -0.43744314 -0.3124594 ]
[ 6.99909   -1.8747563 -2.062232   8.373912  -2.1872158 -2.3121996
 -2.062232   0.       ]
[ 6.811615   -3.2495778  -3.562037    8.3114195  -3.562037   -3.9369884
 -3.4370534   0.43744314]
[ 6.5616474  -4.061972   -4.3744316   8.061452   -4.186956   -4.749383
 -4.124464    0.68741065]
[ 6.4991555  -4.061972   -4.3744316   7.9364686  -4.186956   -4.749383
 -4.124464    0.68741065]
[ 6.4991555 -3.9994802 -4.3119397  7.9989605 -4.061972  -4.624399
 -4.061972   0.6249188]
[ 6.874107  -3.3745615 -3.624529   8.373912  -3.3120697 -3.8120046
 -3.3745615  0.5624269]
[ 6.99909    -1.9372482  -1.9997401   8.373912   -1.6247889  -2.062232
 -1.8122644   0.24996752]
[ 6.686631   -0.6249188  -0.43744314  7.9989605  -0.3124594  -0.49993503
 -0.37495127 -0.18747564]
[ 6.124204    0.37495127  0.43744314  7.3115497   0.49993503  0.49993503
  0.43744314 -0.43744314]
[ 6.0617123   0.37495127  0.43744314  7.186566    0.5624269   0.5624269
  0.49993503 -0.43744314]
[ 6.4991555   0.24996752  0.3124594   7.686501    0.37495127  0.37495127
  0.3124594  -0.43744314]
[ 4.749383   -0.06249188  0.24996752  5.686761    0.         -0.06249188
  0.06249188 -0.37495127]
[ 4.749383   -0.37495127 -0.43744314  5.499285   -0.06249188 -0.37495127
 -0.3124594  -0.24996752]
[ 7.061582   -0.74990255 -0.81239444  8.3114195  -0.68741065 -0.8748863
 -0.74990255 -0.12498376]
[ 7.624009   -0.93737817 -1.062362    8.998831   -0.93737817 -1.062362
 -0.99987006 -0.06249188]
[ 8.123944   -1.062362   -0.99987006  9.62375    -0.81239444 -1.062362
 -0.93737817  0.        ]
[ 8.373912   -0.8748863  -0.74990255  9.873717   -0.68741065 -0.93737817
 -0.74990255 -0.12498376]
[ 8.061452   -1.1873457  -1.1248538   9.62375    -1.3123294  -1.4373132
 -1.1873457  -0.12498376]
[ 7.5615172  -1.9997401  -2.124724    9.186306   -2.2497077  -2.4371834
 -2.124724    0.06249188]
[ 7.124074   -2.6246588  -2.8746264   8.686371   -2.7496426  -3.062102
 -2.6871507   0.24996752]
[ 6.99909   -2.6246588 -2.8121345  8.498896  -2.6871507 -2.9996102
 -2.6871507  0.3124594]
[ 7.061582   -2.2497077  -2.4371834   8.561387   -2.2497077  -2.562167
 -2.2497077   0.18747564]
[ 7.124074   -1.6872808  -1.8122644   8.623879   -1.6247889  -1.8747563
 -1.6872808   0.06249188]
[ 7.124074   -1.2498376  -1.3123294   8.561387   -1.1248538  -1.3123294
 -1.1873457  -0.06249188]
[ 7.124074   -0.81239444 -0.81239444  8.498896   -0.68741065 -0.81239444
 -0.74990255 -0.12498376]
[ 7.249058   -0.68741065 -0.68741065  8.561387   -0.5624269  -0.68741065
 -0.6249188  -0.18747564]
[ 7.249058   -0.43744314 -0.37495127  8.623879   -0.37495127 -0.43744314
 -0.37495127 -0.24996752]
[ 7.124074   -0.3124594  -0.24996752  8.436403   -0.18747564 -0.3124594
 -0.24996752 -0.24996752]
[ 7.061582   -0.06249188 -0.06249188  8.373912    0.06249188  0.
  0.         -0.3124594 ]
[ 7.061582    0.06249188  0.12498376  8.373912    0.18747564  0.12498376
  0.12498376 -0.37495127]
[ 7.186566    0.          0.          8.498896    0.06249188  0.
  0.06249188 -0.37495127]
[ 7.249058   -0.81239444 -0.81239444  8.561387   -0.8748863  -0.99987006
 -0.81239444 -0.18747564]
[ 7.061582   -2.124724   -2.2497077   8.561387   -2.4371834  -2.6246588
 -2.2497077   0.06249188]
[ 6.811615   -3.3745615  -3.624529    8.373912   -3.6870208  -4.061972
 -3.499545    0.43744314]
[ 6.5616474  -4.061972   -4.3744316   8.061452   -4.186956   -4.749383
 -4.124464    0.68741065]
[ 6.4991555  -3.9994802  -4.3119397   7.9989605  -4.124464   -4.686891
 -4.124464    0.68741065]
[ 6.4991555 -3.8744965 -4.186956   7.9989605 -3.9994802 -4.5619073
 -3.9994802  0.6249188]
[ 6.874107   -3.3745615  -3.624529    8.373912   -3.3745615  -3.8120046
 -3.3745615   0.49993503]
[ 6.936599   -1.9997401  -1.9997401   8.373912   -1.7497725  -2.124724
 -1.8747563   0.24996752]
[ 6.6241393  -0.68741065 -0.49993503  7.9364686  -0.37495127 -0.6249188
 -0.49993503 -0.12498376]
[ 6.0617123   0.37495127  0.43744314  7.249058    0.49993503  0.49993503
  0.49993503 -0.43744314]
[ 5.9992204   0.43744314  0.49993503  7.061582    0.6249188   0.6249188
  0.49993503 -0.37495127]
[ 6.3741717   0.24996752  0.3124594   7.4990253   0.43744314  0.37495127
  0.37495127 -0.37495127]
[ 4.624399    0.          0.24996752  5.561777    0.         -0.06249188
  0.12498376 -0.37495127]
[ 4.624399   -0.49993503 -0.5624269   5.3743014  -0.24996752 -0.5624269
 -0.49993503 -0.18747564]
[ 6.811615   -1.1248538  -1.1873457   8.061452   -1.062362   -1.3123294
 -1.062362   -0.12498376]
[ 7.124074  -1.562297  -1.6872808  8.561387  -1.6247889 -1.8122644
 -1.6247889  0.       ]
[ 7.5615172  -2.062232   -2.124724    8.936338   -1.9372482  -2.2497077
 -1.9997401   0.18747564]
[ 7.748993   -2.062232   -1.9997401   9.186306   -1.9372482  -2.3121996
 -1.9372482   0.18747564]
[ 7.5615172  -2.124724   -2.124724    9.123815   -2.1872158  -2.4996753
 -2.124724    0.18747564]
[ 7.3115497  -2.4371834  -2.562167    8.873847   -2.562167   -2.8746264
 -2.4996753   0.24996752]
[ 7.124074  -2.6871507 -2.8746264  8.561387  -2.7496426 -3.124594
 -2.7496426  0.3124594]
[ 6.99909   -2.6246588 -2.8121345  8.498896  -2.6246588 -2.9996102
 -2.6246588  0.3124594]
[ 7.124074   -2.3121996  -2.4371834   8.561387   -2.2497077  -2.6246588
 -2.3121996   0.24996752]
[ 7.186566   -1.8747563  -1.9372482   8.623879   -1.8122644  -2.062232
 -1.8122644   0.12498376]
[ 7.249058   -1.562297   -1.562297    8.623879   -1.4998051  -1.6872808
 -1.4998051   0.06249188]
[ 7.186566   -1.1248538  -1.1873457   8.623879   -1.1248538  -1.3123294
 -1.1248538  -0.06249188]
[ 7.186566   -1.2498376  -1.2498376   8.561387   -1.1248538  -1.3748213
 -1.1873457  -0.06249188]
[ 7.186566   -0.99987006 -0.99987006  8.561387   -0.93737817 -1.1248538
 -0.99987006 -0.06249188]
[ 7.124074   -1.1873457  -1.1248538   8.436403   -1.062362   -1.2498376
 -1.062362   -0.06249188]
[ 7.186566   -1.1248538  -1.062362    8.498896   -0.99987006 -1.1873457
 -0.99987006 -0.06249188]
[ 7.249058  -1.2498376 -1.1873457  8.561387  -1.1248538 -1.3748213
 -1.1248538  0.       ]
[ 7.3740416  -1.4373132  -1.3748213   8.623879   -1.3748213  -1.6247889
 -1.3123294   0.06249188]
[ 7.249058   -1.9372482  -1.9372482   8.623879   -1.9997401  -2.3121996
 -1.9372482   0.18747564]
[ 6.99909   -2.7496426 -2.8746264  8.498896  -2.9996102 -3.3745615
 -2.8746264  0.3124594]
[ 6.686631   -3.4370534  -3.6870208   8.186436   -3.6870208  -4.124464
 -3.624529    0.49993503]
[ 6.3741717 -3.8120046 -4.124464   7.8739767 -3.9369884 -4.4994154
 -3.8744965  0.6249188]
[ 6.3741717 -3.6870208 -3.9994802  7.811485  -3.7495127 -4.3119397
 -3.8120046  0.5624269]
[ 6.4366636  -3.499545   -3.7495127   7.8739767  -3.562037   -4.061972
 -3.562037    0.49993503]
[ 6.686631   -2.8746264  -3.124594    8.186436   -2.8746264  -3.3120697
 -2.9371183   0.43744314]
[ 6.686631   -1.6872808  -1.7497725   8.061452   -1.4373132  -1.7497725
 -1.6247889   0.18747564]
[ 6.3741717  -0.6249188  -0.43744314  7.5615172  -0.24996752 -0.49993503
 -0.37495127 -0.12498376]
[ 5.8742366   0.3124594   0.43744314  6.936599    0.49993503  0.43744314
  0.43744314 -0.37495127]
[ 5.749253    0.37495127  0.43744314  6.811615    0.5624269   0.49993503
  0.43744314 -0.37495127]
[ 6.124204    0.12498376  0.18747564  7.186566    0.3124594   0.24996752
  0.24996752 -0.37495127]
[ 4.4369235  -0.12498376  0.12498376  5.3118095  -0.06249188 -0.18747564
  0.         -0.3124594 ]
[ 4.4369235  -0.6249188  -0.68741065  5.1868258  -0.37495127 -0.68741065
 -0.6249188  -0.18747564]
[ 6.6241393  -1.3123294  -1.4373132   7.8739767  -1.3123294  -1.562297
 -1.3123294  -0.06249188]
[ 6.936599   -1.9372482  -2.124724    8.3114195  -2.062232   -2.3121996
 -2.062232    0.06249188]
[ 7.124074   -2.7496426  -2.9371183   8.561387   -2.8121345  -3.1870859
 -2.8121345   0.37495127]
[ 7.124074   -2.9371183  -3.062102    8.561387   -2.9371183  -3.4370534
 -2.9371183   0.43744314]
[ 7.061582   -2.9996102  -3.124594    8.498896   -2.9996102  -3.499545
 -2.9996102   0.43744314]
[ 6.936599   -3.062102   -3.1870859   8.436403   -3.062102   -3.499545
 -3.062102    0.43744314]
[ 6.874107   -3.062102   -3.1870859   8.3114195  -3.062102   -3.499545
 -3.062102    0.43744314]
[ 6.811615   -2.9371183  -3.124594    8.248928   -2.9371183  -3.3745615
 -2.9996102   0.43744314]
[ 6.936599   -2.6871507  -2.8121345   8.3114195  -2.6246588  -3.062102
 -2.6871507   0.37495127]
[ 6.99909   -2.3746915 -2.3746915  8.436403  -2.1872158 -2.6246588
 -2.3121996  0.3124594]
[ 7.061582   -2.124724   -2.124724    8.436403   -1.9997401  -2.4371834
 -2.062232    0.18747564]
[ 6.99909    -1.6872808  -1.6872808   8.436403   -1.6247889  -1.9372482
 -1.6247889   0.12498376]
[ 6.99909    -1.7497725  -1.7497725   8.436403   -1.6247889  -1.9372482
 -1.6872808   0.06249188]
[ 7.061582  -1.4373132 -1.4998051  8.498896  -1.4373132 -1.6872808
 -1.4998051  0.       ]
[ 7.061582   -1.9372482  -1.9997401   8.436403   -1.8122644  -2.124724
 -1.8747563   0.12498376]
[ 7.124074   -2.1872158  -2.2497077   8.436403   -2.124724   -2.4996753
 -2.1872158   0.18747564]
[ 7.186566   -2.6871507  -2.6871507   8.498896   -2.6246588  -3.062102
 -2.6246588   0.37495127]
[ 7.124074   -2.9371183  -2.9996102   8.498896   -2.8746264  -3.4370534
 -2.9371183   0.43744314]
[ 7.061582   -3.1870859  -3.2495778   8.498896   -3.1870859  -3.7495127
 -3.1870859   0.49993503]
[ 6.811615   -3.2495778  -3.4370534   8.3114195  -3.3745615  -3.9369884
 -3.3745615   0.49993503]
[ 6.4366636  -3.124594   -3.3120697   7.9364686  -3.1870859  -3.6870208
 -3.1870859   0.43744314]
[ 6.0617123 -2.8121345 -3.062102   7.4990253 -2.8746264 -3.2495778
 -2.8746264  0.3124594]
[ 6.124204   -2.3746915  -2.6871507   7.5615172  -2.4371834  -2.7496426
 -2.4996753   0.18747564]
[ 6.3741717  -2.124724   -2.4371834   7.748993   -2.1872158  -2.4371834
 -2.2497077   0.12498376]
[ 6.5616474  -1.6872808  -1.9372482   8.061452   -1.6872808  -1.9372482
 -1.8122644   0.06249188]
[ 6.4366636  -1.062362   -1.1248538   7.811485   -0.81239444 -0.99987006
 -0.93737817 -0.06249188]
[ 6.124204   -0.37495127 -0.3124594   7.249058   -0.12498376 -0.24996752
 -0.24996752 -0.18747564]
[ 5.686761    0.18747564  0.24996752  6.811615    0.37495127  0.3124594
  0.3124594  -0.37495127]
[ 5.561777    0.24996752  0.24996752  6.6241393   0.37495127  0.3124594
  0.3124594  -0.37495127]
[ 5.9367285   0.          0.06249188  6.99909     0.12498376  0.06249188
  0.06249188 -0.3124594 ]
[ 4.3119397  -0.24996752  0.          5.1868258  -0.18747564 -0.3124594
 -0.12498376 -0.3124594 ]
[ 4.4369235  -0.6249188  -0.74990255  5.1868258  -0.37495127 -0.68741065
 -0.6249188  -0.18747564]
[ 6.5616474 -1.4373132 -1.4998051  7.811485  -1.4373132 -1.6872808
 -1.4373132  0.       ]
[ 6.811615   -2.124724   -2.3746915   8.186436   -2.3746915  -2.6246588
 -2.3121996   0.12498376]
[ 6.874107   -3.062102   -3.3120697   8.373912   -3.1870859  -3.624529
 -3.1870859   0.37495127]
[ 6.749123   -3.1870859  -3.4370534   8.248928   -3.2495778  -3.6870208
 -3.2495778   0.43744314]
[ 6.686631   -2.9371183  -3.1870859   8.186436   -2.9996102  -3.4370534
 -3.062102    0.37495127]
[ 6.6241393 -2.8121345 -3.062102   8.061452  -2.8746264 -3.3120697
 -2.9371183  0.3124594]
[ 6.5616474 -2.7496426 -2.9996102  7.9989605 -2.7496426 -3.1870859
 -2.8121345  0.3124594]
[ 6.4991555 -2.6246588 -2.8746264  7.9364686 -2.6871507 -3.062102
 -2.7496426  0.3124594]
[ 6.5616474  -2.4996753  -2.6871507   7.9989605  -2.4996753  -2.8746264
 -2.562167    0.24996752]
[ 6.686631   -2.3121996  -2.4996753   8.061452   -2.3121996  -2.6871507
 -2.3746915   0.24996752]
[ 6.686631   -2.1872158  -2.3746915   8.123944   -2.1872158  -2.4996753
 -2.2497077   0.18747564]
[ 6.749123   -1.8747563  -1.9997401   8.123944   -1.8122644  -2.062232
 -1.8747563   0.12498376]
[ 6.811615   -1.8747563  -1.9372482   8.186436   -1.7497725  -2.124724
 -1.8122644   0.12498376]
[ 6.811615   -1.562297   -1.6872808   8.248928   -1.562297   -1.8122644
 -1.6247889   0.06249188]
[ 6.874107   -2.2497077  -2.3746915   8.248928   -2.2497077  -2.562167
 -2.2497077   0.18747564]
[ 6.811615  -2.8121345 -2.9996102  8.248928  -2.9996102 -3.3745615
 -2.9371183  0.3124594]
[ 6.811615  -3.624529  -3.9369884  8.3114195 -3.8120046 -4.3119397
 -3.7495127  0.5624269]
[ 6.686631   -3.9994802  -4.249448    8.186436   -4.061972   -4.624399
 -4.061972    0.68741065]
[ 6.686631   -3.9369884  -4.249448    8.186436   -4.061972   -4.624399
 -3.9994802   0.68741065]
[ 6.5616474 -3.4370534 -3.6870208  8.061452  -3.499545  -3.9994802
 -3.499545   0.5624269]
[ 6.186696   -2.562167   -2.6871507   7.624009   -2.4996753  -2.9371183
 -2.562167    0.37495127]
[ 5.8117447  -1.562297   -1.7497725   7.124074   -1.562297   -1.8122644
 -1.562297    0.12498376]
[ 5.9367285  -0.8748863  -1.1248538   7.186566   -0.93737817 -0.99987006
 -0.93737817 -0.06249188]
[ 6.3741717  -0.68741065 -0.8748863   7.624009   -0.6249188  -0.74990255
 -0.68741065 -0.18747564]
[ 6.5616474  -0.49993503 -0.5624269   7.8739767  -0.43744314 -0.43744314
 -0.49993503 -0.24996752]
[ 6.3741717  -0.24996752 -0.37495127  7.624009   -0.18747564 -0.18747564
 -0.24996752 -0.24996752]
[ 5.9992204  -0.12498376 -0.06249188  7.124074    0.06249188  0.
  0.         -0.3124594 ]
[ 5.749253    0.12498376  0.18747564  6.874107    0.3124594   0.24996752
  0.24996752 -0.37495127]
[ 5.686761    0.18747564  0.24996752  6.749123    0.37495127  0.3124594
  0.24996752 -0.37495127]
[ 5.9367285  -0.06249188 -0.06249188  7.061582    0.06249188  0.
  0.         -0.3124594 ]
[ 4.249448   -0.3124594  -0.12498376  5.1868258  -0.24996752 -0.37495127
 -0.18747564 -0.3124594 ]
[ 4.3744316  -0.68741065 -0.74990255  5.124334   -0.43744314 -0.74990255
 -0.6249188  -0.18747564]
[ 6.5616474 -1.562297  -1.6247889  7.811485  -1.562297  -1.8122644
 -1.4998051  0.       ]
[ 6.749123   -2.2497077  -2.4996753   8.186436   -2.562167   -2.8121345
 -2.4371834   0.12498376]
[ 6.749123   -2.9371183  -3.1870859   8.3114195  -3.124594   -3.499545
 -3.062102    0.37495127]
[ 6.4991555 -2.7496426 -2.9371183  8.061452  -2.7496426 -3.1870859
 -2.7496426  0.3124594]
[ 6.3741717  -2.124724   -2.3746915   7.811485   -2.1872158  -2.4996753
 -2.1872158   0.18747564]
[ 6.249188   -1.9372482  -2.1872158   7.686501   -1.9997401  -2.2497077
 -1.9997401   0.12498376]
[ 6.186696   -1.8122644  -1.9997401   7.5615172  -1.8747563  -2.062232
 -1.8747563   0.06249188]
[ 6.124204   -1.7497725  -1.9997401   7.4990253  -1.8122644  -1.9997401
 -1.8122644   0.06249188]
[ 6.186696   -1.6247889  -1.8747563   7.4990253  -1.6872808  -1.8747563
 -1.6872808   0.06249188]
[ 6.249188   -1.562297   -1.7497725   7.5615172  -1.562297   -1.7497725
 -1.562297    0.06249188]
[ 6.186696   -1.562297   -1.6872808   7.4990253  -1.562297   -1.7497725
 -1.562297    0.06249188]
[ 6.31168    -1.4373132  -1.6247889   7.5615172  -1.3748213  -1.562297
 -1.4373132   0.06249188]
[ 6.4366636  -1.562297   -1.6247889   7.686501   -1.4998051  -1.7497725
 -1.4998051   0.06249188]
[ 6.5616474 -1.3748213 -1.4373132  7.8739767 -1.3748213 -1.562297
 -1.3748213  0.       ]
[ 6.6241393  -2.062232   -2.2497077   7.9364686  -2.124724   -2.4371834
 -2.124724    0.12498376]
[ 6.6241393  -2.7496426  -3.062102    7.9989605  -3.062102   -3.3745615
 -2.9371183   0.24996752]
[ 6.6241393 -3.7495127 -4.061972   8.061452  -3.9994802 -4.4369235
 -3.8744965  0.5624269]
[ 6.4991555  -4.124464   -4.3744316   7.9364686  -4.249448   -4.811875
 -4.186956    0.68741065]
[ 6.5616474  -3.9994802  -4.3744316   7.9989605  -4.124464   -4.686891
 -4.124464    0.68741065]
[ 6.4366636 -3.2495778 -3.499545   7.9364686 -3.2495778 -3.7495127
 -3.3120697  0.5624269]
[ 6.0617123  -1.9997401  -2.062232    7.3740416  -1.7497725  -2.1872158
 -1.8747563   0.24996752]
[ 5.624269   -0.68741065 -0.6249188   6.749123   -0.43744314 -0.6249188
 -0.49993503 -0.12498376]
[ 5.749253    0.18747564  0.18747564  6.811615    0.37495127  0.3124594
  0.24996752 -0.3124594 ]
[ 6.186696    0.3124594   0.43744314  7.249058    0.5624269   0.49993503
  0.49993503 -0.37495127]
[ 6.3741717   0.24996752  0.37495127  7.4990253   0.37495127  0.37495127
  0.37495127 -0.37495127]
[ 6.249188    0.18747564  0.18747564  7.4365335   0.24996752  0.24996752
  0.18747564 -0.37495127]
[ 6.0617123   0.06249188  0.12498376  7.186566    0.18747564  0.12498376
  0.12498376 -0.37495127]
[ 5.9992204   0.18747564  0.24996752  7.124074    0.3124594   0.3124594
  0.24996752 -0.37495127]
[ 5.8742366   0.24996752  0.3124594   6.99909     0.37495127  0.37495127
  0.3124594  -0.43744314]
[ 6.0617123   0.          0.          7.186566    0.06249188  0.06249188
  0.06249188 -0.37495127]
[ 4.3119397  -0.3124594  -0.06249188  5.2493176  -0.24996752 -0.37495127
 -0.18747564 -0.3124594 ]
[ 4.4369235  -0.68741065 -0.74990255  5.1868258  -0.43744314 -0.74990255
 -0.68741065 -0.18747564]
[ 6.5616474 -1.6247889 -1.6872808  7.811485  -1.6247889 -1.8747563
 -1.6247889  0.       ]
[ 6.749123   -2.3746915  -2.6246588   8.186436   -2.6871507  -2.9371183
 -2.562167    0.18747564]
[ 6.749123   -2.7496426  -2.9371183   8.248928   -2.8121345  -3.2495778
 -2.8121345   0.37495127]
[ 6.4991555  -2.1872158  -2.2497077   7.9364686  -1.9997401  -2.3746915
 -2.062232    0.24996752]
[ 6.249188  -1.1873457 -1.2498376  7.5615172 -1.1248538 -1.3123294
 -1.1248538  0.       ]
[ 6.124204   -0.8748863  -0.99987006  7.3115497  -0.8748863  -0.99987006
 -0.8748863  -0.12498376]
[ 5.9992204  -0.81239444 -0.8748863   7.249058   -0.74990255 -0.8748863
 -0.81239444 -0.12498376]
[ 5.9367285  -0.81239444 -0.8748863   7.186566   -0.74990255 -0.8748863
 -0.74990255 -0.12498376]
[ 5.9367285  -0.68741065 -0.81239444  7.186566   -0.6249188  -0.81239444
 -0.68741065 -0.12498376]
[ 5.9367285  -0.68741065 -0.74990255  7.186566   -0.6249188  -0.74990255
 -0.6249188  -0.18747564]
[ 5.9367285  -0.81239444 -0.8748863   7.124074   -0.74990255 -0.8748863
 -0.74990255 -0.12498376]
[ 5.9992204  -0.8748863  -0.99987006  7.249058   -0.81239444 -0.99987006
 -0.8748863  -0.12498376]
[ 6.124204   -0.99987006 -1.1248538   7.4365335  -0.99987006 -1.1873457
 -1.062362   -0.12498376]
[ 6.31168    -1.062362   -1.1248538   7.624009   -0.99987006 -1.1873457
 -1.062362   -0.12498376]
[ 6.5616474 -1.8122644 -1.9372482  7.811485  -1.8747563 -2.124724
 -1.8747563  0.       ]
[ 6.6241393  -2.6871507  -2.9371183   7.9989605  -2.9996102  -3.2495778
 -2.8746264   0.24996752]
[ 6.6241393 -3.6870208 -4.061972   8.123944  -3.9369884 -4.3744316
 -3.8120046  0.5624269]
[ 6.4991555  -4.061972   -4.3744316   7.9364686  -4.186956   -4.749383
 -4.124464    0.68741065]
[ 6.5616474 -3.9994802 -4.3119397  7.9989605 -4.124464  -4.686891
 -4.061972   0.6249188]
[ 6.4366636  -3.2495778  -3.4370534   7.8739767  -3.1870859  -3.6870208
 -3.2495778   0.49993503]
[ 6.0617123  -1.9372482  -1.8747563   7.3115497  -1.6247889  -1.9997401
 -1.7497725   0.24996752]
[ 5.561777   -0.49993503 -0.43744314  6.686631   -0.24996752 -0.43744314
 -0.3124594  -0.12498376]
[ 5.561777    0.3124594   0.3124594   6.5616474   0.49993503  0.43744314
  0.37495127 -0.3124594 ]
[ 5.8742366   0.37495127  0.49993503  6.874107    0.6249188   0.5624269
  0.49993503 -0.37495127]
[ 6.0617123   0.3124594   0.37495127  7.124074    0.43744314  0.37495127
  0.37495127 -0.37495127]
[ 6.124204    0.18747564  0.18747564  7.249058    0.24996752  0.18747564
  0.18747564 -0.37495127]
[ 6.124204    0.06249188  0.12498376  7.3115497   0.24996752  0.18747564
  0.18747564 -0.37495127]
[ 6.124204    0.24996752  0.3124594   7.3115497   0.43744314  0.37495127
  0.37495127 -0.37495127]
[ 6.0617123   0.37495127  0.43744314  7.186566    0.49993503  0.49993503
  0.43744314 -0.43744314]
[ 6.186696    0.06249188  0.06249188  7.3115497   0.12498376  0.12498376
  0.12498376 -0.37495127]
[ 4.3744316  -0.24996752 -0.06249188  5.2493176  -0.24996752 -0.3124594
 -0.18747564 -0.3124594 ]
[ 4.4369235  -0.68741065 -0.74990255  5.1868258  -0.43744314 -0.74990255
 -0.68741065 -0.18747564]
[ 6.5616474 -1.6872808 -1.8122644  7.811485  -1.7497725 -1.9997401
 -1.6872808  0.       ]
[ 6.749123   -2.4996753  -2.7496426   8.186436   -2.7496426  -3.062102
 -2.6871507   0.18747564]
[ 6.811615   -2.8121345  -2.9996102   8.248928   -2.8121345  -3.1870859
 -2.8746264   0.43744314]
[ 6.5616474  -2.062232   -2.062232    7.8739767  -1.8122644  -2.1872158
 -1.9372482   0.24996752]
[ 6.249188   -0.93737817 -0.93737817  7.4990253  -0.81239444 -0.99987006
 -0.8748863  -0.06249188]
[ 6.0617123  -0.68741065 -0.68741065  7.249058   -0.5624269  -0.74990255
 -0.6249188  -0.18747564]
[ 5.9992204  -0.6249188  -0.68741065  7.124074   -0.5624269  -0.74990255
 -0.6249188  -0.18747564]
[ 5.9992204  -0.68741065 -0.74990255  7.124074   -0.6249188  -0.74990255
 -0.6249188  -0.18747564]
[ 5.9992204  -0.6249188  -0.6249188   7.186566   -0.49993503 -0.6249188
 -0.5624269  -0.18747564]
[ 5.9367285  -0.49993503 -0.49993503  7.124074   -0.43744314 -0.5624269
 -0.43744314 -0.18747564]
[ 5.9367285  -0.5624269  -0.6249188   7.061582   -0.49993503 -0.6249188
 -0.5624269  -0.18747564]
[ 5.9367285  -0.68741065 -0.74990255  7.186566   -0.6249188  -0.74990255
 -0.68741065 -0.18747564]
[ 6.124204   -0.81239444 -0.8748863   7.3115497  -0.74990255 -0.8748863
 -0.74990255 -0.12498376]
[ 6.31168    -0.93737817 -0.99987006  7.4990253  -0.8748863  -0.99987006
 -0.8748863  -0.12498376]
[ 6.5616474 -1.6872808 -1.8122644  7.811485  -1.8122644 -2.062232
 -1.7497725  0.       ]
[ 6.6241393  -2.6871507  -2.9371183   8.061452   -2.9996102  -3.3120697
 -2.8746264   0.24996752]
[ 6.6241393 -3.624529  -3.9369884  8.123944  -3.8120046 -4.249448
 -3.7495127  0.5624269]
[ 6.4991555 -3.9369884 -4.249448   7.9989605 -4.061972  -4.5619073
 -3.9994802  0.6249188]
[ 6.5616474 -3.8744965 -4.186956   8.061452  -3.9994802 -4.5619073
 -3.9994802  0.6249188]
[ 6.4991555  -3.1870859  -3.4370534   7.9364686  -3.1870859  -3.624529
 -3.2495778   0.49993503]
[ 6.0617123  -1.9372482  -1.8747563   7.3740416  -1.6247889  -1.9997401
 -1.7497725   0.24996752]
[ 5.624269   -0.43744314 -0.43744314  6.749123   -0.18747564 -0.37495127
 -0.3124594  -0.18747564]
[ 5.4367933   0.24996752  0.3124594   6.4991555   0.43744314  0.37495127
  0.37495127 -0.37495127]
[ 5.561777    0.3124594   0.3124594   6.5616474   0.43744314  0.37495127
  0.37495127 -0.37495127]
[ 5.749253    0.12498376  0.18747564  6.811615    0.24996752  0.18747564
  0.24996752 -0.37495127]
[ 5.9992204   0.06249188  0.06249188  7.124074    0.18747564  0.06249188
  0.12498376 -0.3124594 ]
[ 6.124204    0.06249188  0.12498376  7.3115497   0.24996752  0.18747564
  0.18747564 -0.3124594 ]
[ 6.186696    0.3124594   0.37495127  7.3115497   0.49993503  0.43744314
  0.37495127 -0.37495127]
[ 6.0617123   0.43744314  0.49993503  7.186566    0.5624269   0.5624269
  0.49993503 -0.43744314]
[ 6.186696    0.06249188  0.12498376  7.3115497   0.18747564  0.12498376
  0.12498376 -0.37495127]
[ 4.3119397  -0.24996752 -0.06249188  5.2493176  -0.24996752 -0.3124594
 -0.12498376 -0.3124594 ]
[ 4.4369235  -0.6249188  -0.68741065  5.1868258  -0.43744314 -0.68741065
 -0.6249188  -0.18747564]
[ 6.5616474 -1.6247889 -1.7497725  7.811485  -1.7497725 -1.9372482
 -1.6872808  0.       ]
[ 6.749123   -2.562167   -2.8121345   8.186436   -2.8121345  -3.124594
 -2.7496426   0.24996752]
[ 6.811615   -3.124594   -3.3120697   8.3114195  -3.124594   -3.562037
 -3.124594    0.49993503]
[ 6.686631   -2.562167   -2.6246588   8.061452   -2.3746915  -2.8121345
 -2.4371834   0.37495127]
[ 6.5616474  -1.7497725  -1.7497725   7.811485   -1.6872808  -1.9372482
 -1.6872808   0.12498376]
[ 6.4366636  -1.4998051  -1.562297    7.624009   -1.4998051  -1.7497725
 -1.4373132   0.06249188]
[ 6.3741717  -1.562297   -1.562297    7.5615172  -1.4998051  -1.7497725
 -1.4998051   0.06249188]
[ 6.3741717  -1.562297   -1.562297    7.624009   -1.4998051  -1.7497725
 -1.4998051   0.06249188]
[ 6.3741717  -1.4373132  -1.4373132   7.624009   -1.3748213  -1.6247889
 -1.3748213   0.06249188]
[ 6.3741717 -1.3123294 -1.3123294  7.5615172 -1.2498376 -1.4998051
 -1.2498376  0.       ]
[ 6.31168   -1.2498376 -1.2498376  7.5615172 -1.1873457 -1.4373132
 -1.1873457  0.       ]
[ 6.3741717  -1.1873457  -1.2498376   7.624009   -1.1248538  -1.3748213
 -1.1248538  -0.06249188]
[ 6.4366636  -1.1248538  -1.1873457   7.686501   -1.062362   -1.2498376
 -1.062362   -0.06249188]
[ 6.5616474  -1.2498376  -1.3123294   7.748993   -1.2498376  -1.4998051
 -1.2498376  -0.06249188]
[ 6.686631   -1.9372482  -2.062232    7.9989605  -2.124724   -2.3746915
 -1.9997401   0.06249188]
[ 6.686631  -2.8746264 -3.124594   8.123944  -3.1870859 -3.499545
 -3.062102   0.3124594]
[ 6.686631  -3.562037  -3.8744965  8.186436  -3.7495127 -4.186956
 -3.6870208  0.5624269]
[ 6.5616474 -3.8120046 -4.124464   8.061452  -3.9369884 -4.4994154
 -3.8744965  0.6249188]
[ 6.6241393 -3.8120046 -4.124464   8.123944  -3.9994802 -4.4994154
 -3.9369884  0.5624269]
[ 6.5616474 -3.3120697 -3.562037   8.061452  -3.3120697 -3.7495127
 -3.3120697  0.5624269]
[ 6.31168   -2.2497077 -2.2497077  7.624009  -1.9372482 -2.3746915
 -2.062232   0.3124594]
[ 6.0617123  -0.93737817 -0.8748863   7.249058   -0.74990255 -0.93737817
 -0.74990255 -0.06249188]
[ 5.9367285  -0.24996752 -0.24996752  6.99909    -0.12498376 -0.24996752
 -0.12498376 -0.24996752]
[ 5.9367285  -0.18747564 -0.18747564  7.061582   -0.06249188 -0.18747564
 -0.12498376 -0.3124594 ]
[ 6.124204   -0.3124594  -0.3124594   7.249058   -0.24996752 -0.37495127
 -0.24996752 -0.24996752]
[ 6.186696   -0.3124594  -0.3124594   7.3115497  -0.24996752 -0.37495127
 -0.3124594  -0.24996752]
[ 6.0617123  -0.12498376 -0.06249188  7.249058    0.06249188 -0.06249188
 -0.06249188 -0.24996752]
[ 5.9367285   0.18747564  0.3124594   6.99909     0.43744314  0.3124594
  0.37495127 -0.3124594 ]
[ 5.8742366   0.43744314  0.49993503  6.936599    0.5624269   0.5624269
  0.49993503 -0.43744314]
[ 6.124204    0.06249188  0.12498376  7.186566    0.18747564  0.12498376
  0.12498376 -0.37495127]
[ 4.3119397  -0.24996752 -0.06249188  5.2493176  -0.24996752 -0.3124594
 -0.12498376 -0.3124594 ]
[ 4.4994154  -0.5624269  -0.6249188   5.2493176  -0.3124594  -0.5624269
 -0.5624269  -0.24996752]
[ 6.6241393  -1.4998051  -1.6247889   7.8739767  -1.6247889  -1.8747563
 -1.562297   -0.06249188]
[ 6.686631   -2.4996753  -2.8121345   8.123944   -2.8121345  -3.062102
 -2.6871507   0.18747564]
[ 6.811615  -3.4370534 -3.624529   8.248928  -3.4370534 -3.9369884
 -3.499545   0.5624269]
[ 6.749123   -3.2495778  -3.3745615   8.061452   -3.124594   -3.6870208
 -3.1870859   0.49993503]
[ 6.6241393  -2.8121345  -2.8746264   7.9364686  -2.6871507  -3.2495778
 -2.7496426   0.43744314]
[ 6.5616474  -2.6871507  -2.7496426   7.8739767  -2.6246588  -3.124594
 -2.6246588   0.37495127]
[ 6.5616474  -2.7496426  -2.7496426   7.8739767  -2.6871507  -3.1870859
 -2.6871507   0.37495127]
[ 6.6241393  -2.8121345  -2.8121345   7.8739767  -2.7496426  -3.2495778
 -2.7496426   0.37495127]
[ 6.6241393  -2.6871507  -2.7496426   7.9364686  -2.6246588  -3.124594
 -2.6246588   0.37495127]
[ 6.6241393 -2.4996753 -2.4996753  7.9364686 -2.3746915 -2.8746264
 -2.4371834  0.3124594]
[ 6.6241393  -2.3121996  -2.3121996   7.9364686  -2.1872158  -2.6246588
 -2.2497077   0.24996752]
[ 6.6241393  -2.1872158  -2.1872158   7.9364686  -2.124724   -2.4996753
 -2.124724    0.24996752]
[ 6.6241393  -2.1872158  -2.1872158   7.9364686  -2.124724   -2.4996753
 -2.124724    0.24996752]
[ 6.686631   -2.3121996  -2.3746915   7.9989605  -2.3121996  -2.6871507
 -2.2497077   0.24996752]
[ 6.749123  -2.6871507 -2.8746264  8.123944  -2.8746264 -3.2495778
 -2.7496426  0.3124594]
[ 6.686631   -3.2495778  -3.499545    8.186436   -3.499545   -3.9369884
 -3.3745615   0.43744314]
[ 6.6241393 -3.624529  -3.9369884  8.123944  -3.7495127 -4.249448
 -3.6870208  0.5624269]
[ 6.5616474 -3.8120046 -4.061972   7.9989605 -3.8744965 -4.4369235
 -3.8744965  0.6249188]
[ 6.5616474 -3.8120046 -4.061972   8.061452  -3.9369884 -4.4994154
 -3.9369884  0.6249188]
[ 6.6241393 -3.562037  -3.7495127  8.061452  -3.499545  -4.061972
 -3.562037   0.5624269]
[ 6.5616474  -2.8746264  -2.8746264   7.8739767  -2.6246588  -3.124594
 -2.7496426   0.43744314]
[ 6.4366636  -1.9997401  -1.9997401   7.686501   -1.8122644  -2.2497077
 -1.8747563   0.24996752]
[ 6.3741717  -1.562297   -1.4998051   7.5615172  -1.4373132  -1.7497725
 -1.4373132   0.12498376]
[ 6.4366636  -1.562297   -1.4998051   7.624009   -1.4373132  -1.7497725
 -1.4373132   0.12498376]
[ 6.4991555  -1.6247889  -1.6247889   7.748993   -1.562297   -1.8747563
 -1.562297    0.12498376]
[ 6.4991555  -1.4998051  -1.4373132   7.748993   -1.3748213  -1.6872808
 -1.3748213   0.06249188]
[ 6.186696   -0.8748863  -0.74990255  7.4365335  -0.68741065 -0.8748863
 -0.74990255  0.        ]
[ 5.9367285  -0.12498376 -0.06249188  7.061582    0.12498376 -0.06249188
  0.         -0.24996752]
[ 5.8117447   0.3124594   0.37495127  6.874107    0.43744314  0.43744314
  0.43744314 -0.37495127]
[ 6.124204    0.         -0.06249188  7.249058    0.06249188  0.
  0.         -0.3124594 ]
[ 4.4369235  -0.3124594  -0.12498376  5.3118095  -0.3124594  -0.43744314
 -0.24996752 -0.3124594 ]
[ 4.4994154  -0.49993503 -0.5624269   5.2493176  -0.24996752 -0.49993503
 -0.43744314 -0.24996752]
[ 6.5616474  -1.3123294  -1.4373132   7.8739767  -1.4373132  -1.6247889
 -1.3748213  -0.06249188]
[ 6.6241393  -2.2497077  -2.562167    8.061452   -2.562167   -2.8121345
 -2.4996753   0.12498376]
[ 6.686631   -3.4370534  -3.6870208   8.186436   -3.562037   -3.9994802
 -3.499545    0.49993503]
[ 6.686631  -3.499545  -3.7495127  8.123944  -3.562037  -4.061972
 -3.562037   0.5624269]
[ 6.6241393  -3.3120697  -3.499545    8.061452   -3.3120697  -3.8120046
 -3.3745615   0.49993503]
[ 6.5616474  -3.3745615  -3.562037    7.9364686  -3.3745615  -3.8744965
 -3.3745615   0.49993503]
[ 6.6241393 -3.499545  -3.7495127  7.9989605 -3.624529  -4.124464
 -3.624529   0.5624269]
[ 6.686631  -3.8120046 -3.9994802  8.123944  -3.8744965 -4.4369235
 -3.8120046  0.6249188]
[ 6.686631  -3.7495127 -3.9369884  8.123944  -3.7495127 -4.3119397
 -3.7495127  0.6249188]
[ 6.811615   -3.3745615  -3.624529    8.3114195  -3.3745615  -3.9369884
 -3.3745615   0.49993503]
[ 6.936599   -3.062102   -3.2495778   8.436403   -3.062102   -3.499545
 -3.062102    0.37495127]
[ 6.936599  -2.9371183 -3.124594   8.373912  -2.9371183 -3.3745615
 -2.9996102  0.3124594]
[ 6.874107   -3.062102   -3.2495778   8.3114195  -3.062102   -3.562037
 -3.062102    0.43744314]
[ 6.749123   -3.2495778  -3.3745615   8.123944   -3.2495778  -3.7495127
 -3.2495778   0.49993503]
[ 6.686631   -3.3745615  -3.562037    8.123944   -3.4370534  -3.9994802
 -3.4370534   0.49993503]
[ 6.6241393 -3.562037  -3.8120046  8.123944  -3.6870208 -4.186956
 -3.624529   0.5624269]
[ 6.5616474 -3.499545  -3.8120046  7.9989605 -3.624529  -4.124464
 -3.624529   0.5624269]
[ 6.3741717  -3.499545   -3.7495127   7.8739767  -3.562037   -4.061972
 -3.562037    0.49993503]
[ 6.3741717  -3.562037   -3.8120046   7.811485   -3.624529   -4.124464
 -3.624529    0.49993503]
[ 6.5616474 -3.562037  -3.8744965  7.9989605 -3.624529  -4.124464
 -3.6870208  0.5624269]
[ 6.686631  -3.3745615 -3.562037   8.061452  -3.3120697 -3.8120046
 -3.3745615  0.5624269]
[ 6.686631   -3.062102   -3.1870859   8.061452   -2.9371183  -3.499545
 -2.9996102   0.43744314]
[ 6.686631   -2.8746264  -2.9996102   7.9989605  -2.8121345  -3.3120697
 -2.8746264   0.43744314]
[ 6.686631   -2.9371183  -2.9996102   7.9989605  -2.8746264  -3.3745615
 -2.9371183   0.43744314]
[ 6.686631   -2.9996102  -3.062102    8.061452   -2.9371183  -3.499545
 -2.9996102   0.43744314]
[ 6.686631   -2.8746264  -2.8746264   7.9989605  -2.7496426  -3.2495778
 -2.8121345   0.43744314]
[ 6.4991555 -2.2497077 -2.1872158  7.811485  -2.062232  -2.4371834
 -2.062232   0.3124594]
[ 6.3741717  -1.3123294  -1.3123294   7.5615172  -1.1248538  -1.4373132
 -1.1873457   0.06249188]
[ 6.3741717  -0.68741065 -0.68741065  7.4990253  -0.6249188  -0.81239444
 -0.6249188  -0.12498376]
[ 6.4991555  -0.68741065 -0.68741065  7.686501   -0.68741065 -0.8748863
 -0.68741065 -0.12498376]
[ 4.5619073  -0.74990255 -0.49993503  5.624269   -0.74990255 -0.93737817
 -0.6249188  -0.18747564]
[ 4.4994154  -0.43744314 -0.49993503  5.2493176  -0.12498376 -0.43744314
 -0.37495127 -0.24996752]
[ 6.5616474  -1.062362   -1.1873457   7.811485   -1.1873457  -1.3123294
 -1.062362   -0.12498376]
[ 6.6241393  -1.9372482  -2.2497077   8.061452   -2.2497077  -2.4371834
 -2.124724    0.06249188]
[ 6.686631   -3.124594   -3.4370534   8.123944   -3.3120697  -3.6870208
 -3.2495778   0.37495127]
[ 6.4991555  -3.1870859  -3.4370534   7.9989605  -3.3120697  -3.7495127
 -3.3120697   0.43744314]
[ 6.3741717  -2.8746264  -3.124594    7.811485   -2.8746264  -3.3120697
 -2.9371183   0.37495127]
[ 6.31168   -2.9371183 -3.2495778  7.686501  -3.062102  -3.4370534
 -2.9996102  0.3124594]
[ 6.4366636  -3.3745615  -3.7495127   7.811485   -3.624529   -3.9994802
 -3.562037    0.43744314]
[ 6.4991555  -3.9994802  -4.3119397   7.9989605  -4.124464   -4.686891
 -4.124464    0.68741065]
[ 6.5616474  -3.9994802  -4.3119397   8.061452   -4.124464   -4.686891
 -4.124464    0.68741065]
[ 6.811615  -3.499545  -3.8120046  8.3114195 -3.562037  -4.124464
 -3.562037   0.5624269]
[ 7.061582   -3.1870859  -3.3745615   8.561387   -3.1870859  -3.6870208
 -3.1870859   0.43744314]
[ 7.061582   -3.124594   -3.3120697   8.623879   -3.2495778  -3.624529
 -3.1870859   0.37495127]
[ 6.874107   -3.4370534  -3.7495127   8.373912   -3.624529   -4.061972
 -3.562037    0.49993503]
[ 6.6241393 -3.7495127 -4.061972   8.123944  -3.8744965 -4.3744316
 -3.8120046  0.6249188]
[ 6.6241393 -3.7495127 -4.061972   8.061452  -3.8744965 -4.3744316
 -3.8120046  0.6249188]
[ 6.5616474 -3.562037  -3.8744965  8.061452  -3.6870208 -4.186956
 -3.6870208  0.5624269]
[ 6.31168    -2.9996102  -3.2495778   7.811485   -3.062102   -3.499545
 -3.062102    0.43744314]
[ 6.0617123 -2.6246588 -2.8746264  7.4990253 -2.6246588 -2.9996102
 -2.6246588  0.3124594]
[ 6.124204   -2.6871507  -3.062102    7.4365335  -2.8746264  -3.1870859
 -2.8121345   0.24996752]
[ 6.4366636  -3.124594   -3.499545    7.811485   -3.3120697  -3.6870208
 -3.3120697   0.43744314]
[ 6.6241393  -3.3120697  -3.624529    8.123944   -3.4370534  -3.8744965
 -3.4370534   0.49993503]
[ 6.686631   -3.2495778  -3.499545    8.186436   -3.3120697  -3.7495127
 -3.3120697   0.43744314]
[ 6.6241393  -3.1870859  -3.499545    8.123944   -3.3120697  -3.7495127
 -3.3120697   0.37495127]
[ 6.686631   -3.499545   -3.8120046   8.186436   -3.624529   -4.061972
 -3.562037    0.49993503]
[ 6.686631  -3.6870208 -3.9994802  8.123944  -3.8120046 -4.3119397
 -3.8120046  0.5624269]
[ 6.749123  -3.7495127 -3.9994802  8.186436  -3.8120046 -4.3119397
 -3.8120046  0.6249188]
[ 6.811615  -3.4370534 -3.499545   8.123944  -3.2495778 -3.8120046
 -3.3745615  0.5624269]
[ 6.749123   -2.7496426  -2.6871507   8.061452   -2.4996753  -3.062102
 -2.562167    0.43744314]
[ 6.749123   -2.124724   -2.062232    7.9989605  -1.9372482  -2.4371834
 -1.9997401   0.24996752]
[ 6.749123   -1.6872808  -1.6872808   8.061452   -1.562297   -1.9372482
 -1.6247889   0.12498376]
[ 4.686891   -1.2498376  -0.99987006  5.749253   -1.1873457  -1.4998051
 -1.1248538   0.        ]
[ 4.4994154  -0.37495127 -0.43744314  5.2493176  -0.06249188 -0.37495127
 -0.3124594  -0.24996752]
[ 6.5616474  -0.93737817 -0.99987006  7.811485   -0.93737817 -1.1248538
 -0.93737817 -0.12498376]
[ 6.6241393 -1.7497725 -1.9372482  7.9989605 -1.9372482 -2.124724
 -1.8747563  0.       ]
[ 6.686631  -2.8121345 -3.062102   8.123944  -2.9996102 -3.3745615
 -2.9371183  0.3124594]
[ 6.4991555  -2.6871507  -2.8746264   7.9989605  -2.6871507  -3.062102
 -2.7496426   0.37495127]
[ 6.31168    -2.124724   -2.2497077   7.686501   -1.9997401  -2.3746915
 -2.062232    0.24996752]
[ 6.31168    -2.1872158  -2.3746915   7.624009   -2.2497077  -2.562167
 -2.1872158   0.12498376]
[ 6.4366636 -2.8746264 -3.1870859  7.748993  -3.1870859 -3.499545
 -3.062102   0.3124594]
[ 6.5616474 -3.8744965 -4.186956   7.9989605 -4.061972  -4.5619073
 -3.9994802  0.6249188]
[ 6.5616474  -3.9994802  -4.3119397   7.9989605  -4.124464   -4.686891
 -4.061972    0.68741065]
[ 6.811615  -3.562037  -3.8120046  8.3114195 -3.562037  -4.061972
 -3.624529   0.6249188]
[ 7.124074   -3.2495778  -3.3745615   8.561387   -3.1870859  -3.6870208
 -3.1870859   0.49993503]
[ 7.124074   -3.1870859  -3.3120697   8.623879   -3.3120697  -3.7495127
 -3.2495778   0.43744314]
[ 6.811615   -3.4370534  -3.7495127   8.3114195  -3.6870208  -4.124464
 -3.562037    0.49993503]
[ 6.5616474 -3.7495127 -4.061972   7.9989605 -3.8744965 -4.4369235
 -3.8744965  0.6249188]
[ 6.4991555 -3.7495127 -3.9994802  7.9989605 -3.8120046 -4.3744316
 -3.8120046  0.5624269]
[ 6.4366636  -3.2495778  -3.499545    7.9364686  -3.3745615  -3.8120046
 -3.3745615   0.49993503]
[ 6.124204  -2.3746915 -2.4996753  7.5615172 -2.2497077 -2.6246588
 -2.3121996  0.3124594]
[ 5.8742366  -1.562297   -1.6872808   7.124074   -1.4373132  -1.7497725
 -1.4998051   0.06249188]
[ 5.9367285 -1.6872808 -1.9372482  7.124074  -1.8122644 -1.9997401
 -1.7497725  0.       ]
[ 6.3741717  -2.4996753  -2.8121345   7.686501   -2.7496426  -2.9996102
 -2.6871507   0.24996752]
[ 6.749123   -3.124594   -3.3745615   8.186436   -3.1870859  -3.562037
 -3.124594    0.43744314]
[ 6.936599   -2.9996102  -3.3120697   8.436403   -3.124594   -3.562037
 -3.124594    0.37495127]
[ 6.936599  -2.9371183 -3.2495778  8.498896  -3.124594  -3.4370534
 -3.062102   0.3124594]
[ 6.936599   -3.1870859  -3.499545    8.436403   -3.3745615  -3.7495127
 -3.3120697   0.37495127]
[ 6.811615   -3.624529   -3.9369884   8.3114195  -3.8120046  -4.249448
 -3.6870208   0.49993503]
[ 6.749123  -3.9369884 -4.249448   8.248928  -4.061972  -4.5619073
 -3.9994802  0.6249188]
[ 6.749123   -4.061972   -4.3119397   8.248928   -4.061972   -4.686891
 -4.124464    0.68741065]
[ 6.936599   -3.7495127  -3.9994802   8.373912   -3.7495127  -4.3119397
 -3.7495127   0.68741065]
[ 7.061582  -3.3745615 -3.562037   8.498896  -3.3745615 -3.9369884
 -3.3745615  0.5624269]
[ 6.936599   -2.4996753  -2.6871507   8.436403   -2.4996753  -2.9371183
 -2.562167    0.37495127]
[ 4.749383   -1.7497725  -1.4998051   5.8742366  -1.562297   -1.9372482
 -1.4998051   0.12498376]
[ 4.5619073  -0.3124594  -0.37495127  5.3118095   0.         -0.3124594
 -0.3124594  -0.24996752]
[ 6.5616474  -0.93737817 -0.93737817  7.811485   -0.93737817 -1.062362
 -0.8748863  -0.12498376]
[ 6.5616474 -1.6872808 -1.8747563  7.8739767 -1.8747563 -2.062232
 -1.8122644  0.       ]
[ 6.5616474 -2.6871507 -2.9371183  7.9989605 -2.8121345 -3.1870859
 -2.7496426  0.3124594]
[ 6.4366636 -2.3121996 -2.4371834  7.8739767 -2.2497077 -2.6246588
 -2.3121996  0.3124594]
[ 6.31168    -1.6247889  -1.6247889   7.624009   -1.4373132  -1.7497725
 -1.4998051   0.12498376]
[ 6.31168   -1.6247889 -1.8122644  7.5615172 -1.7497725 -1.9372482
 -1.6872808  0.       ]
[ 6.4366636  -2.562167   -2.8746264   7.811485   -2.8746264  -3.124594
 -2.7496426   0.18747564]
[ 6.5616474 -3.7495127 -4.061972   7.9989605 -3.9369884 -4.4369235
 -3.8744965  0.5624269]
[ 6.4991555 -3.9994802 -4.3119397  7.9989605 -4.124464  -4.686891
 -4.061972   0.6249188]
[ 6.749123  -3.7495127 -4.061972   8.186436  -3.7495127 -4.3119397
 -3.8120046  0.6249188]
[ 6.936599  -3.562037  -3.7495127  8.3114195 -3.562037  -4.124464
 -3.562037   0.6249188]
[ 6.874107  -3.499545  -3.6870208  8.373912  -3.624529  -4.124464
 -3.562037   0.5624269]
[ 6.686631  -3.624529  -3.8744965  8.186436  -3.7495127 -4.249448
 -3.6870208  0.5624269]
[ 6.5616474 -3.6870208 -3.9994802  7.9989605 -3.8120046 -4.3119397
 -3.7495127  0.5624269]
[ 6.5616474 -3.624529  -3.8744965  7.9989605 -3.6870208 -4.186956
 -3.6870208  0.5624269]
[ 6.4366636  -2.9371183  -3.124594    7.8739767  -2.9371183  -3.3745615
 -2.9996102   0.43744314]
[ 6.124204   -1.8122644  -1.8747563   7.4365335  -1.6247889  -1.9372482
 -1.7497725   0.18747564]
[ 5.8117447  -0.74990255 -0.81239444  6.99909    -0.5624269  -0.81239444
 -0.6249188  -0.12498376]
[ 5.9367285  -0.99987006 -1.1248538   7.124074   -1.062362   -1.2498376
 -1.062362   -0.18747564]
[ 6.3741717  -2.062232   -2.3121996   7.686501   -2.3121996  -2.4996753
 -2.2497077   0.06249188]
[ 6.749123   -2.9996102  -3.2495778   8.123944   -3.062102   -3.499545
 -3.062102    0.43744314]
[ 6.936599   -3.1870859  -3.3120697   8.3114195  -3.124594   -3.6870208
 -3.124594    0.49993503]
[ 6.936599   -3.062102   -3.124594    8.373912   -3.062102   -3.562037
 -3.062102    0.43744314]
[ 6.936599   -3.2495778  -3.3745615   8.373912   -3.3120697  -3.8120046
 -3.2495778   0.49993503]
[ 6.811615  -3.624529  -3.8120046  8.248928  -3.7495127 -4.249448
 -3.6870208  0.5624269]
[ 6.686631  -3.9369884 -4.249448   8.123944  -4.124464  -4.624399
 -4.061972   0.6249188]
[ 6.5616474  -4.186956   -4.4994154   8.061452   -4.3119397  -4.8743668
 -4.249448    0.68741065]
[ 6.686631   -4.124464   -4.3744316   8.123944   -4.186956   -4.749383
 -4.186956    0.68741065]
[ 6.811615   -3.8744965  -4.124464    8.248928   -3.9369884  -4.4994154
 -3.9369884   0.68741065]
[ 6.811615   -2.8746264  -3.062102    8.3114195  -2.8121345  -3.3120697
 -2.8746264   0.43744314]
[ 4.686891   -1.8747563  -1.6872808   5.8117447  -1.6872808  -2.062232
 -1.6872808   0.18747564]
[ 4.5619073  -0.37495127 -0.37495127  5.2493176  -0.06249188 -0.3124594
 -0.3124594  -0.24996752]
[ 6.4991555  -0.74990255 -0.81239444  7.811485   -0.74990255 -0.93737817
 -0.74990255 -0.18747564]
[ 6.4991555  -1.1873457  -1.3748213   7.8739767  -1.3748213  -1.4998051
 -1.3748213  -0.12498376]
[ 6.4991555  -1.9372482  -2.1872158   7.9364686  -1.9997401  -2.2497077
 -2.062232    0.06249188]
[ 6.4366636  -1.562297   -1.7497725   7.8739767  -1.4998051  -1.7497725
 -1.6247889   0.06249188]
[ 6.3741717  -1.062362   -1.062362    7.624009   -0.81239444 -1.062362
 -0.93737817 -0.06249188]
[ 6.31168    -1.1248538  -1.2498376   7.5615172  -1.1873457  -1.3748213
 -1.1873457  -0.12498376]
[ 6.3741717  -1.9997401  -2.3121996   7.748993   -2.3121996  -2.4996753
 -2.1872158   0.06249188]
[ 6.4366636  -3.124594   -3.4370534   7.8739767  -3.3120697  -3.6870208
 -3.2495778   0.37495127]
[ 6.3741717  -3.499545   -3.8120046   7.8739767  -3.562037   -4.061972
 -3.624529    0.49993503]
[ 6.4366636 -3.562037  -3.8120046  7.8739767 -3.624529  -4.124464
 -3.624529   0.5624269]
[ 6.4991555 -3.562037  -3.8744965  7.9364686 -3.624529  -4.186956
 -3.6870208  0.5624269]
[ 6.4991555 -3.624529  -3.8744965  7.9364686 -3.6870208 -4.249448
 -3.6870208  0.5624269]
[ 6.4991555 -3.624529  -3.8744965  7.9364686 -3.6870208 -4.186956
 -3.6870208  0.5624269]
[ 6.4366636 -3.562037  -3.8120046  7.9364686 -3.624529  -4.124464
 -3.624529   0.5624269]
[ 6.4991555  -3.4370534  -3.6870208   7.9989605  -3.499545   -3.9994802
 -3.499545    0.49993503]
[ 6.3741717  -2.6871507  -2.8746264   7.811485   -2.6871507  -3.062102
 -2.7496426   0.37495127]
[ 6.124204   -1.6247889  -1.6247889   7.3740416  -1.3123294  -1.6872808
 -1.4373132   0.12498376]
[ 5.8742366  -0.43744314 -0.37495127  7.061582   -0.18747564 -0.37495127
 -0.24996752 -0.18747564]
[ 6.0617123  -0.68741065 -0.74990255  7.186566   -0.68741065 -0.81239444
 -0.68741065 -0.24996752]
[ 6.3741717 -1.8747563 -2.124724   7.686501  -2.124724  -2.3121996
 -2.062232   0.       ]
[ 6.686631   -3.124594   -3.4370534   8.061452   -3.3120697  -3.7495127
 -3.2495778   0.43744314]
[ 6.749123  -3.6870208 -3.8744965  8.186436  -3.6870208 -4.249448
 -3.6870208  0.6249188]
[ 6.811615  -3.624529  -3.8120046  8.248928  -3.624529  -4.186956
 -3.6870208  0.6249188]
[ 6.749123  -3.624529  -3.8744965  8.186436  -3.6870208 -4.249448
 -3.6870208  0.6249188]
[ 6.686631  -3.8120046 -4.061972   8.123944  -3.9994802 -4.4994154
 -3.9369884  0.6249188]
[ 6.5616474  -4.061972   -4.3744316   8.061452   -4.249448   -4.749383
 -4.186956    0.68741065]
[ 6.5616474  -4.249448   -4.5619073   7.9989605  -4.3744316  -4.9368587
 -4.3119397   0.68741065]
[ 6.6241393  -4.186956   -4.4994154   8.061452   -4.3119397  -4.9368587
 -4.3119397   0.74990255]
[ 6.749123   -3.9994802  -4.3119397   8.248928   -4.061972   -4.624399
 -4.061972    0.68741065]
[ 6.749123   -2.9371183  -3.124594    8.248928   -2.8746264  -3.3745615
 -2.9996102   0.49993503]
[ 4.686891   -1.9372482  -1.6872808   5.749253   -1.6247889  -2.062232
 -1.6872808   0.18747564]
[ 4.5619073  -0.49993503 -0.5624269   5.3118095  -0.24996752 -0.49993503
 -0.49993503 -0.18747564]
[ 6.5616474  -0.74990255 -0.74990255  7.811485   -0.74990255 -0.8748863
 -0.68741065 -0.12498376]
[ 6.4991555  -0.81239444 -0.99987006  7.8739767  -0.99987006 -1.062362
 -0.93737817 -0.18747564]
[ 6.6241393  -1.3123294  -1.4998051   7.9989605  -1.3748213  -1.4998051
 -1.3748213  -0.06249188]
[ 6.6241393  -1.1873457  -1.3123294   7.9989605  -1.1248538  -1.2498376
 -1.1873457  -0.06249188]
[ 6.5616474  -0.93737817 -0.93737817  7.811485   -0.81239444 -0.93737817
 -0.81239444 -0.06249188]
[ 6.4366636  -0.93737817 -1.062362    7.748993   -1.062362   -1.1873457
 -0.99987006 -0.12498376]
[ 6.4366636  -1.4998051  -1.7497725   7.811485   -1.7497725  -1.8747563
 -1.6247889  -0.06249188]
[ 6.4366636  -2.1872158  -2.4371834   7.8739767  -2.3121996  -2.562167
 -2.3121996   0.12498376]
[ 6.3741717  -2.4371834  -2.7496426   7.811485   -2.562167   -2.8746264
 -2.562167    0.18747564]
[ 6.31168    -2.4996753  -2.8121345   7.748993   -2.6246588  -2.9371183
 -2.6246588   0.24996752]
[ 6.249188   -2.562167   -2.8746264   7.686501   -2.6871507  -2.9996102
 -2.6871507   0.24996752]
[ 6.249188   -2.6246588  -2.9371183   7.624009   -2.6871507  -3.062102
 -2.7496426   0.24996752]
[ 6.249188   -2.6871507  -2.9996102   7.686501   -2.7496426  -3.124594
 -2.8121345   0.24996752]
[ 6.3741717 -2.7496426 -3.062102   7.748993  -2.8121345 -3.1870859
 -2.8746264  0.3124594]
[ 6.4366636 -2.7496426 -2.9996102  7.8739767 -2.8121345 -3.1870859
 -2.8746264  0.3124594]
[ 6.249188   -2.1872158  -2.3121996   7.624009   -2.062232   -2.4371834
 -2.1872158   0.24996752]
[ 5.9992204  -1.2498376  -1.2498376   7.249058   -0.93737817 -1.2498376
 -1.062362    0.06249188]
[ 5.8742366  -0.18747564 -0.12498376  6.99909     0.06249188 -0.06249188
  0.         -0.24996752]
[ 6.0617123  -0.43744314 -0.43744314  7.186566   -0.43744314 -0.5624269
 -0.43744314 -0.24996752]
[ 6.31168   -1.6247889 -1.8747563  7.5615172 -1.9372482 -2.124724
 -1.8122644  0.       ]
[ 6.3741717  -3.062102   -3.3745615   7.748993   -3.3120697  -3.6870208
 -3.2495778   0.37495127]
[ 6.3741717 -3.8120046 -4.124464   7.811485  -3.9369884 -4.4994154
 -3.9369884  0.6249188]
[ 6.4366636 -3.8744965 -4.186956   7.8739767 -3.9994802 -4.5619073
 -3.9994802  0.6249188]
[ 6.4366636 -3.9369884 -4.186956   7.8739767 -3.9994802 -4.5619073
 -3.9994802  0.6249188]
[ 6.4366636 -3.9994802 -4.3119397  7.9364686 -4.124464  -4.686891
 -4.061972   0.6249188]
[ 6.4366636  -4.061972   -4.3744316   7.9364686  -4.249448   -4.811875
 -4.186956    0.68741065]
[ 6.4991555  -4.124464   -4.4994154   7.9364686  -4.3119397  -4.8743668
 -4.249448    0.68741065]
[ 6.4991555 -3.9369884 -4.3119397  8.061452  -4.061972  -4.624399
 -4.061972   0.6249188]
[ 6.5616474  -3.562037   -3.8744965   8.123944   -3.624529   -4.124464
 -3.624529    0.49993503]
[ 6.6241393 -2.4996753 -2.6871507  8.123944  -2.3746915 -2.7496426
 -2.4996753  0.3124594]
[ 4.624399   -1.562297   -1.3748213   5.624269   -1.3123294  -1.6872808
 -1.3748213   0.06249188]
[ 4.749383   -0.6249188  -0.74990255  5.561777   -0.37495127 -0.68741065
 -0.6249188  -0.24996752]
[ 6.874107   -0.68741065 -0.74990255  8.186436   -0.5624269  -0.74990255
 -0.6249188  -0.18747564]
[ 6.874107   -0.49993503 -0.5624269   8.186436   -0.43744314 -0.5624269
 -0.49993503 -0.3124594 ]
[ 6.936599   -0.68741065 -0.74990255  8.3114195  -0.6249188  -0.74990255
 -0.68741065 -0.24996752]
[ 6.936599   -0.74990255 -0.81239444  8.248928   -0.68741065 -0.81239444
 -0.74990255 -0.18747564]
[ 6.874107   -0.74990255 -0.81239444  8.186436   -0.68741065 -0.8748863
 -0.74990255 -0.18747564]
[ 6.686631   -0.8748863  -0.8748863   8.061452   -0.8748863  -0.99987006
 -0.8748863  -0.18747564]
[ 6.686631   -0.99987006 -1.1248538   8.061452   -1.1248538  -1.2498376
 -1.062362   -0.18747564]
[ 6.6241393  -1.2498376  -1.4373132   8.061452   -1.3748213  -1.4998051
 -1.3123294  -0.12498376]
[ 6.5616474  -1.3748213  -1.6247889   8.061452   -1.4998051  -1.6247889
 -1.4373132  -0.06249188]
[ 6.4991555  -1.4373132  -1.6872808   7.9364686  -1.562297   -1.6872808
 -1.4998051  -0.06249188]
[ 6.4366636  -1.4998051  -1.7497725   7.8739767  -1.6247889  -1.7497725
 -1.562297   -0.06249188]
[ 6.4366636 -1.562297  -1.8122644  7.8739767 -1.6872808 -1.8122644
 -1.6247889  0.       ]
[ 6.4991555 -1.6872808 -1.9372482  7.8739767 -1.8122644 -1.9372482
 -1.7497725  0.       ]
[ 6.5616474  -1.7497725  -2.062232    7.9989605  -1.9372482  -2.062232
 -1.8747563   0.06249188]
[ 6.5616474  -1.8122644  -2.062232    7.9989605  -1.9372482  -2.124724
 -1.8747563   0.06249188]
[ 6.4366636 -1.4373132 -1.6247889  7.811485  -1.4373132 -1.562297
 -1.4998051  0.       ]
[ 6.186696   -0.81239444 -0.8748863   7.4365335  -0.6249188  -0.81239444
 -0.74990255 -0.12498376]
[ 6.0617123  -0.12498376 -0.18747564  7.186566    0.         -0.06249188
 -0.06249188 -0.24996752]
[ 6.124204   -0.3124594  -0.37495127  7.3115497  -0.3124594  -0.43744314
 -0.3124594  -0.3124594 ]
[ 6.249188   -1.1248538  -1.3748213   7.5615172  -1.3748213  -1.4998051
 -1.2498376  -0.18747564]
[ 6.31168    -2.124724   -2.4371834   7.748993   -2.3746915  -2.562167
 -2.3121996   0.12498376]
[ 6.31168    -2.6871507  -3.062102    7.748993   -2.8121345  -3.1870859
 -2.8746264   0.24996752]
[ 6.3741717 -2.8746264 -3.1870859  7.811485  -2.9996102 -3.3745615
 -2.9996102  0.3124594]
[ 6.3741717 -2.9371183 -3.3120697  7.8739767 -3.062102  -3.499545
 -3.124594   0.3124594]
[ 6.4366636 -3.062102  -3.3745615  7.9364686 -3.1870859 -3.562037
 -3.1870859  0.3124594]
[ 6.4991555 -3.062102  -3.4370534  7.9989605 -3.2495778 -3.624529
 -3.2495778  0.3124594]
[ 6.4991555 -3.062102  -3.4370534  8.061452  -3.1870859 -3.562037
 -3.2495778  0.3124594]
[ 6.5616474 -2.7496426 -3.124594   8.123944  -2.8746264 -3.1870859
 -2.8746264  0.3124594]
[ 6.6241393  -2.3121996  -2.6246588   8.186436   -2.3121996  -2.6246588
 -2.3746915   0.18747564]
[ 6.811615  -1.562297  -1.8122644  8.248928  -1.4998051 -1.6872808
 -1.562297   0.       ]
[ 4.749383   -1.062362   -0.93737817  5.8117447  -0.93737817 -1.1248538
 -0.93737817 -0.12498376]
[ 3.3745615  -0.68741065 -0.43744314  4.061972   -0.18747564 -0.5624269
 -0.3124594   0.12498376]
[ 4.8743668  -0.68741065 -0.37495127  5.624269   -0.24996752 -0.5624269
 -0.37495127  0.24996752]
[ 4.8743668  -0.49993503 -0.18747564  5.686761   -0.12498376 -0.43744314
 -0.18747564  0.12498376]
[ 4.9368587  -0.6249188  -0.37495127  5.686761   -0.3124594  -0.5624269
 -0.37495127  0.18747564]
[ 4.9368587  -0.74990255 -0.49993503  5.686761   -0.43744314 -0.68741065
 -0.49993503  0.18747564]
[ 4.8743668  -0.81239444 -0.5624269   5.686761   -0.49993503 -0.74990255
 -0.5624269   0.18747564]
[ 4.811875   -0.81239444 -0.5624269   5.624269   -0.49993503 -0.74990255
 -0.5624269   0.18747564]
[ 4.811875   -0.74990255 -0.5624269   5.561777   -0.43744314 -0.74990255
 -0.49993503  0.18747564]
[ 4.749383   -0.74990255 -0.49993503  5.499285   -0.37495127 -0.68741065
 -0.43744314  0.18747564]
[ 4.686891   -0.68741065 -0.43744314  5.4367933  -0.37495127 -0.68741065
 -0.43744314  0.18747564]
[ 4.624399   -0.68741065 -0.43744314  5.3743014  -0.3124594  -0.6249188
 -0.37495127  0.18747564]
[ 4.5619073  -0.6249188  -0.37495127  5.3118095  -0.24996752 -0.5624269
 -0.37495127  0.18747564]
[ 4.5619073  -0.6249188  -0.37495127  5.2493176  -0.24996752 -0.5624269
 -0.37495127  0.18747564]
[ 4.5619073  -0.68741065 -0.43744314  5.3118095  -0.37495127 -0.68741065
 -0.43744314  0.18747564]
[ 4.5619073  -0.81239444 -0.5624269   5.3743014  -0.49993503 -0.81239444
 -0.5624269   0.18747564]
[ 4.5619073  -0.8748863  -0.6249188   5.3743014  -0.5624269  -0.81239444
 -0.6249188   0.18747564]
[ 4.4994154  -0.74990255 -0.49993503  5.1868258  -0.37495127 -0.6249188
 -0.43744314  0.18747564]
[ 4.3744316  -0.49993503 -0.24996752  4.9993505  -0.06249188 -0.3124594
 -0.18747564  0.12498376]
[ 4.249448   -0.24996752  0.06249188  4.8743668   0.18747564 -0.06249188
  0.06249188  0.12498376]
[ 4.249448   -0.37495127 -0.06249188  4.9368587   0.         -0.3124594
 -0.06249188  0.12498376]
[ 4.249448   -0.68741065 -0.49993503  5.061842   -0.5624269  -0.74990255
 -0.49993503  0.18747564]
[ 4.3119397  -1.1248538  -1.062362    5.1868258  -0.99987006 -1.2498376
 -0.99987006  0.3124594 ]
[ 4.3744316  -1.4373132  -1.4373132   5.2493176  -1.3123294  -1.6247889
 -1.3123294   0.37495127]
[ 4.4369235  -1.6247889  -1.6247889   5.3118095  -1.4373132  -1.7497725
 -1.4998051   0.37495127]
[ 4.4994154  -1.7497725  -1.7497725   5.3743014  -1.562297   -1.8747563
 -1.562297    0.43744314]
[ 4.4994154  -1.8122644  -1.8122644   5.4367933  -1.6247889  -1.9997401
 -1.6247889   0.43744314]
[ 4.5619073  -1.8122644  -1.8122644   5.4367933  -1.6247889  -1.9997401
 -1.6247889   0.43744314]
[ 4.5619073  -1.7497725  -1.6872808   5.499285   -1.562297   -1.8747563
 -1.562297    0.43744314]
[ 4.686891   -1.4373132  -1.3748213   5.499285   -1.1873457  -1.4998051
 -1.2498376   0.37495127]
[ 4.686891   -1.1248538  -0.93737817  5.499285   -0.74990255 -1.062362
 -0.81239444  0.3124594 ]
[ 4.811875   -0.74990255 -0.49993503  5.561777   -0.37495127 -0.6249188
 -0.49993503  0.24996752]
[ 3.3745615  -0.6249188  -0.3124594   3.9369884  -0.3124594  -0.49993503
 -0.24996752  0.        ]
