[-1.4476455  -1.0857341  -1.809557    3.8362608  -1.5924101  -2.099086
 -1.9543215  -0.79620504]
[-1.7371747 -1.1581165 -2.0267038  5.428671  -1.8819393 -2.605762
 -2.316233  -1.0133519]
[-1.809557  -1.2304988 -2.0267038  5.3562884 -1.9543215 -2.6781442
 -2.316233  -1.0857341]
[-1.809557  -1.2304988 -2.0267038  5.3562884 -1.9543215 -2.6781442
 -2.316233  -1.0857341]
[-1.809557  -1.2304988 -1.9543215  5.428671  -1.8819393 -2.605762
 -2.2438507 -1.0133519]
[-1.5924101  -1.0133519  -1.809557    5.7182     -1.5924101  -2.5333798
 -2.099086   -0.79620504]
[-1.2304988 -0.6514405 -1.5200279  5.935347  -1.1581165 -2.2438507
 -1.8819393 -0.4342937]
[-0.94096965 -0.28952911 -1.1581165   6.1524935  -0.79620504 -2.0267038
 -1.5924101  -0.07238228]
[-0.7238228  -0.14476456 -1.0133519   6.2972584  -0.57905823 -1.8819393
 -1.4476455   0.14476456]
[-0.57905823  0.         -0.94096965  6.3696404  -0.4342937  -1.7371747
 -1.3752633   0.28952911]
[-0.57905823  0.07238228 -0.8685874   6.442023   -0.3619114  -1.7371747
 -1.302881    0.3619114 ]
[-0.50667596  0.07238228 -0.8685874   6.442023   -0.3619114  -1.7371747
 -1.302881    0.3619114 ]
[-0.50667596  0.         -0.8685874   6.3696404  -0.4342937  -1.7371747
 -1.3752633   0.28952911]
[-0.57905823  0.         -0.8685874   6.3696404  -0.4342937  -1.7371747
 -1.3752633   0.28952911]
[-0.7238228  -0.21714684 -1.1581165   6.1524935  -0.79620504 -1.8819393
 -1.5924101   0.        ]
[-0.4342937  -0.28952911 -0.94096965  3.7638786  -0.8685874  -1.3752633
 -1.302881   -0.14476456]
[-2.2438507 -1.5200279 -1.9543215  5.5734353 -2.2438507 -2.0267038
 -1.9543215 -1.5200279]
[-2.895291  -1.7371747 -2.316233   8.179197  -2.9676735 -2.605762
 -2.2438507 -1.9543215]
[-2.9676735 -1.7371747 -2.316233   8.106815  -2.9676735 -2.605762
 -2.2438507 -1.9543215]
[-3.0400558 -1.809557  -2.3886151  8.034433  -3.0400558 -2.6781442
 -2.316233  -2.0267038]
[-3.0400558 -1.809557  -2.3886151  8.034433  -3.112438  -2.6781442
 -2.316233  -2.0267038]
[-2.8229089 -1.5200279 -2.0267038  8.396344  -2.605762  -2.316233
 -1.9543215 -1.6647924]
[-2.2438507  -0.94096965 -1.5200279   8.830638   -2.0267038  -1.8819393
 -1.4476455  -1.1581165 ]
[-1.5924101  -0.28952911 -0.8685874   9.264932   -1.3752633  -1.302881
 -0.8685874  -0.4342937 ]
[-1.302881   -0.07238228 -0.6514405   9.337314   -1.2304988  -1.0857341
 -0.7238228  -0.28952911]
[-1.302881    0.         -0.57905823  9.409697   -1.1581165  -1.0133519
 -0.57905823 -0.21714684]
[-1.2304988   0.07238228 -0.4342937   9.482079   -1.0133519  -0.94096965
 -0.4342937  -0.14476456]
[-1.0857341   0.21714684 -0.4342937   9.554461   -0.94096965 -0.8685874
 -0.4342937   0.        ]
[-0.94096965  0.28952911 -0.28952911  9.626843   -0.7238228  -0.79620504
 -0.28952911  0.14476456]
[-0.94096965  0.28952911 -0.28952911  9.699225   -0.7238228  -0.79620504
 -0.3619114   0.14476456]
[-1.1581165  -0.07238228 -0.7238228   9.264932   -1.2304988  -1.1581165
 -0.79620504 -0.28952911]
[-0.4342937  -0.21714684 -0.79620504  5.935347   -1.4476455  -0.94096965
 -0.94096965 -0.4342937 ]
[-2.3886151 -1.6647924 -2.0267038  5.3562884 -2.5333798 -2.0267038
 -1.9543215 -1.809557 ]
[-3.2572026 -2.099086  -2.605762   7.744904  -3.619114  -2.6781442
 -2.3886151 -2.4609976]
[-3.4743495 -2.2438507 -2.6781442  7.6725216 -3.7638786 -2.8229089
 -2.4609976 -2.605762 ]
[-3.619114  -2.316233  -2.8229089  7.6725216 -3.908643  -2.895291
 -2.605762  -2.7505267]
[-3.5467317 -2.316233  -2.7505267  7.600139  -3.8362608 -2.8229089
 -2.5333798 -2.6781442]
[-3.2572026 -1.8819393 -2.2438507  8.106815  -3.112438  -2.4609976
 -2.0267038 -2.1714683]
[-2.4609976 -1.0857341 -1.5200279  8.758256  -2.316233  -1.809557
 -1.3752633 -1.3752633]
[-1.4476455  -0.21714684 -0.6514405   9.337314   -1.302881   -1.0133519
 -0.57905823 -0.4342937 ]
[-1.0857341   0.07238228 -0.3619114   9.409697   -1.0857341  -0.79620504
 -0.3619114  -0.21714684]
[-1.0133519   0.07238228 -0.28952911  9.482079   -0.94096965 -0.7238228
 -0.21714684 -0.14476456]
[-0.94096965  0.21714684 -0.21714684  9.626843   -0.79620504 -0.6514405
 -0.14476456  0.        ]
[-0.8685874   0.21714684 -0.28952911  9.482079   -1.0133519  -0.6514405
 -0.21714684 -0.07238228]
[-0.79620504  0.3619114   0.07238228  9.699225   -0.6514405  -0.4342937
  0.07238228  0.21714684]
[-0.79620504  0.50667596  0.          9.84399    -0.6514405  -0.50667596
  0.          0.21714684]
[-0.7238228   0.28952911 -0.28952911  9.482079   -0.94096965 -0.6514405
 -0.28952911 -0.07238228]
[-0.21714684  0.         -0.50667596  6.007729   -1.2304988  -0.7238228
 -0.6514405  -0.21714684]
[-2.5333798 -1.8819393 -2.3886151  5.1391416 -2.8229089 -2.316233
 -2.316233  -2.099086 ]
[-3.619114  -2.6781442 -3.112438   7.3106103 -4.0534077 -3.1848202
 -2.895291  -2.9676735]
[-4.3429365 -3.1848202 -3.619114   7.021081  -4.7048483 -3.619114
 -3.3295848 -3.619114 ]
[-4.4877014 -3.401967  -3.8362608  6.948699  -4.994377  -3.7638786
 -3.5467317 -3.7638786]
[-4.4877014 -3.3295848 -3.7638786  7.021081  -4.8496127 -3.7638786
 -3.4743495 -3.6914961]
[-4.0534077 -2.6781442 -3.112438   7.600139  -3.908643  -3.2572026
 -2.8229089 -2.9676735]
[-3.0400558 -1.6647924 -2.1714683  8.396344  -2.7505267 -2.3886151
 -1.9543215 -1.8819393]
[-1.7371747  -0.50667596 -1.0133519   9.120167   -1.5924101  -1.3752633
 -0.94096965 -0.7238228 ]
[-1.2304988  -0.07238228 -0.6514405   9.337314   -1.1581165  -1.0857341
 -0.6514405  -0.28952911]
[-1.2304988  -0.07238228 -0.57905823  9.409697   -1.0857341  -1.0857341
 -0.6514405  -0.21714684]
[-1.2304988   0.         -0.50667596  9.482079   -0.94096965 -0.94096965
 -0.50667596 -0.14476456]
[-1.302881   -0.21714684 -0.79620504  9.120167   -1.4476455  -1.0857341
 -0.79620504 -0.50667596]
[-1.2304988  -0.07238228 -0.3619114   9.409697   -1.0133519  -0.8685874
 -0.28952911 -0.21714684]
[-1.1581165   0.14476456 -0.3619114   9.699225   -0.94096965 -0.79620504
 -0.28952911 -0.07238228]
[-0.57905823  0.4342937  -0.21714684  9.771607   -0.6514405  -0.6514405
 -0.28952911  0.14476456]
[ 0.          0.21714684 -0.4342937   6.224876   -0.94096965 -0.6514405
 -0.57905823  0.07238228]
[-1.9543215 -1.4476455 -2.0267038  5.7182    -2.099086  -2.099086
 -2.099086  -1.4476455]
[-2.895291  -2.0267038 -2.6781442  7.9620504 -2.9676735 -3.0400558
 -2.7505267 -2.1714683]
[-4.0534077 -3.112438  -3.8362608  7.0934634 -4.3429365 -3.9810252
 -3.7638786 -3.401967 ]
[-4.7772303 -3.8362608 -4.415319   6.586787  -5.1391416 -4.415319
 -4.198172  -4.0534077]
[-5.1391416 -3.908643  -4.415319   6.731552  -5.2839065 -4.4877014
 -4.198172  -4.198172 ]
[-4.5600834 -3.112438  -3.619114   7.3829923 -4.3429365 -3.8362608
 -3.401967  -3.3295848]
[-3.2572026 -1.8819393 -2.3886151  8.25158   -2.9676735 -2.6781442
 -2.2438507 -2.099086 ]
[-2.099086   -0.79620504 -1.302881    8.90302    -1.9543215  -1.6647924
 -1.2304988  -1.0133519 ]
[-1.5924101 -0.3619114 -0.8685874  9.120167  -1.5924101 -1.2304988
 -0.8685874 -0.6514405]
[-1.6647924  -0.4342937  -0.94096965  9.047785   -1.7371747  -1.2304988
 -0.79620504 -0.7238228 ]
[-1.809557   -0.50667596 -1.0133519   8.975403   -1.9543215  -1.302881
 -0.8685874  -0.8685874 ]
[-2.316233  -1.1581165 -1.7371747  8.396344  -2.895291  -1.809557
 -1.5200279 -1.6647924]
[-2.3886151  -0.94096965 -1.1581165   8.830638   -2.1714683  -1.5924101
 -1.0133519  -1.1581165 ]
[-1.8819393  -0.3619114  -0.94096965  9.409697   -1.4476455  -1.302881
 -0.79620504 -0.6514405 ]
[-0.50667596  0.7238228   0.07238228 10.061137   -0.3619114  -0.4342937
  0.          0.50667596]
[ 0.50667596  0.7238228  -0.07238228  6.586787   -0.57905823 -0.21714684
 -0.21714684  0.50667596]
[-1.2304988 -0.4342937 -1.1581165  6.586787  -1.0133519 -1.3752633
 -1.302881  -0.4342937]
[-1.4476455 -0.3619114 -1.1581165  9.264932  -1.2304988 -1.7371747
 -1.302881  -0.3619114]
[-2.6781442 -1.7371747 -2.7505267  7.9620504 -2.9676735 -2.9676735
 -2.8229089 -2.0267038]
[-4.0534077 -3.1848202 -3.8362608  6.948699  -4.415319  -3.9810252
 -3.7638786 -3.401967 ]
[-5.3562884 -4.0534077 -4.632466   6.586787  -5.428671  -4.632466
 -4.3429365 -4.3429365]
[-4.994377  -3.5467317 -4.12579    7.021081  -4.921995  -4.12579
 -3.7638786 -3.8362608]
[-3.8362608 -2.3886151 -2.9676735  7.744904  -3.8362608 -2.9676735
 -2.605762  -2.7505267]
[-2.895291  -1.5200279 -2.0267038  8.25158   -2.895291  -2.1714683
 -1.7371747 -1.9543215]
[-2.316233  -1.0857341 -1.5200279  8.541109  -2.4609976 -1.7371747
 -1.302881  -1.4476455]
[-2.3886151 -1.302881  -1.7371747  8.25158   -2.895291  -1.809557
 -1.5200279 -1.809557 ]
[-2.895291  -1.809557  -2.099086   7.8896685 -3.4743495 -2.1714683
 -1.809557  -2.316233 ]
[-3.7638786 -2.6781442 -3.112438   7.3829923 -4.5600834 -2.9676735
 -2.6781442 -3.2572026]
[-3.619114  -2.1714683 -2.316233   8.106815  -3.401967  -2.605762
 -2.0267038 -2.3886151]
[-2.5333798  -0.94096965 -1.4476455   9.19255    -2.0267038  -1.7371747
 -1.2304988  -1.2304988 ]
[-0.50667596  0.79620504  0.21714684 10.133519   -0.28952911 -0.21714684
  0.21714684  0.57905823]
[ 0.8685874   1.0133519   0.28952911  6.731552   -0.3619114   0.14476456
  0.07238228  0.6514405 ]
[-0.8685874   0.07238228 -0.3619114   6.8763165  -0.50667596 -0.57905823
 -0.3619114   0.07238228]
[-0.50667596  0.79620504  0.21714684 10.061137   -0.3619114  -0.3619114
  0.14476456  0.57905823]
[-1.4476455  -0.57905823 -1.4476455   8.758256   -2.2438507  -1.5924101
 -1.4476455  -1.0133519 ]
[-3.2572026 -2.4609976 -2.9676735  7.3829923 -3.8362608 -3.1848202
 -2.895291  -2.6781442]
[-5.1391416 -3.908643  -4.415319   6.6591697 -5.1391416 -4.415319
 -4.12579   -4.12579  ]
[-4.7048483 -3.4743495 -3.9810252  7.0934634 -4.632466  -3.9810252
 -3.6914961 -3.7638786]
[-3.619114  -2.4609976 -2.895291   7.744904  -3.5467317 -3.0400558
 -2.7505267 -2.7505267]
[-2.7505267 -1.6647924 -2.099086   8.396344  -2.605762  -2.3886151
 -2.0267038 -1.809557 ]
[-2.1714683 -1.1581165 -1.6647924  8.758256  -2.099086  -2.0267038
 -1.6647924 -1.302881 ]
[-2.605762  -1.7371747 -2.4609976  8.034433  -3.1848202 -2.5333798
 -2.3886151 -2.099086 ]
[-3.7638786 -2.9676735 -3.3295848  7.1658454 -4.3429365 -3.401967
 -3.1848202 -3.2572026]
[-5.3562884 -4.2705545 -4.7772303  6.442023  -5.8629646 -4.632466
 -4.415319  -4.632466 ]
[-4.994377  -3.401967  -3.6914961  7.3829923 -4.5600834 -3.8362608
 -3.3295848 -3.5467317]
[-3.112438  -1.5200279 -2.0267038  8.830638  -2.4609976 -2.316233
 -1.809557  -1.7371747]
[-0.6514405   0.6514405   0.07238228 10.061137   -0.4342937  -0.3619114
  0.14476456  0.3619114 ]
[ 0.94096965  1.0133519   0.28952911  6.731552   -0.3619114   0.14476456
  0.14476456  0.6514405 ]
[-1.3752633  -0.50667596 -0.94096965  6.224876   -1.4476455  -0.94096965
 -0.79620504 -0.7238228 ]
[-1.4476455  -0.21714684 -0.57905823  9.120167   -1.809557   -0.79620504
 -0.28952911 -0.57905823]
[-2.316233  -1.3752633 -2.0267038  8.179197  -3.401967  -1.9543215
 -1.7371747 -2.0267038]
[-3.7638786 -2.7505267 -3.1848202  7.238228  -4.4877014 -3.3295848
 -2.9676735 -3.112438 ]
[-5.2839065 -3.9810252 -4.5600834  6.6591697 -5.3562884 -4.632466
 -4.3429365 -4.198172 ]
[-4.994377  -3.619114  -4.3429365  7.021081  -4.921995  -4.415319
 -4.12579   -3.8362608]
[-4.198172  -2.8229089 -3.4743495  7.527757  -4.0534077 -3.6914961
 -3.3295848 -2.9676735]
[-3.4743495 -2.0267038 -2.7505267  8.034433  -3.3295848 -3.0400558
 -2.605762  -2.2438507]
[-3.0400558 -1.5924101 -2.316233   8.323962  -2.9676735 -2.5333798
 -2.1714683 -1.809557 ]
[-3.3295848 -2.316233  -3.112438   7.600139  -4.0534077 -3.112438
 -2.895291  -2.7505267]
[-4.5600834 -3.4743495 -4.0534077  6.803934  -4.994377  -4.12579
 -3.8362608 -3.8362608]
[-5.8629646 -4.632466  -5.2839065  6.224876  -6.0801115 -5.211524
 -4.994377  -4.994377 ]
[-5.1391416 -3.619114  -3.9810252  7.3106103 -4.5600834 -4.198172
 -3.7638786 -3.6914961]
[-3.112438  -1.5200279 -2.099086   8.830638  -2.3886151 -2.3886151
 -1.8819393 -1.7371747]
[-0.8685874   0.4342937  -0.14476456  9.916372   -0.6514405  -0.50667596
 -0.14476456  0.21714684]
[ 0.7238228   0.8685874   0.14476456  6.6591697  -0.50667596  0.
  0.          0.50667596]
[-2.1714683 -1.5200279 -1.8819393  5.428671  -2.5333798 -1.7371747
 -1.7371747 -1.7371747]
[-2.895291  -1.8819393 -2.099086   7.8896685 -3.401967  -2.1714683
 -1.809557  -2.316233 ]
[-3.8362608 -2.895291  -3.3295848  7.238228  -4.632466  -3.2572026
 -3.0400558 -3.4743495]
[-4.5600834 -3.4743495 -3.908643   6.948699  -5.1391416 -3.9810252
 -3.6914961 -3.8362608]
[-5.1391416 -3.908643  -4.415319   6.731552  -5.211524  -4.4877014
 -4.12579   -4.12579  ]
[-4.632466  -3.401967  -3.908643   7.0934634 -4.7048483 -3.908643
 -3.619114  -3.6914961]
[-3.908643  -2.605762  -3.112438   7.527757  -3.9810252 -3.1848202
 -2.8229089 -2.9676735]
[-3.4743495 -2.2438507 -2.605762   7.6725216 -3.7638786 -2.605762
 -2.316233  -2.6781442]
[-3.2572026 -2.1714683 -2.4609976  7.744904  -3.8362608 -2.3886151
 -2.099086  -2.6781442]
[-3.7638786 -2.8229089 -3.2572026  7.3106103 -4.7048483 -3.1848202
 -2.895291  -3.401967 ]
[-4.3429365 -3.2572026 -3.619114   7.4553747 -4.4877014 -3.8362608
 -3.401967  -3.401967 ]
[-4.5600834 -3.3295848 -4.12579    7.4553747 -4.3429365 -4.415319
 -4.0534077 -3.4743495]
[-3.4743495 -2.1714683 -2.7505267  8.323962  -2.7505267 -3.2572026
 -2.8229089 -2.099086 ]
[-2.099086   -0.7238228  -1.302881    9.19255    -1.4476455  -1.809557
 -1.302881   -0.79620504]
[-0.7238228   0.50667596 -0.07238228  9.84399    -0.57905823 -0.50667596
 -0.07238228  0.21714684]
[ 0.57905823  0.7238228   0.07238228  6.5144053  -0.6514405  -0.07238228
 -0.07238228  0.4342937 ]
[-2.6781442 -2.1714683 -2.7505267  4.921995  -3.3295848 -2.605762
 -2.6781442 -2.4609976]
[-4.0534077 -3.0400558 -3.401967   7.238228  -4.2705545 -3.619114
 -3.2572026 -3.1848202]
[-4.921995  -3.6914961 -4.415319   6.948699  -4.994377  -4.4877014
 -4.198172  -3.9810252]
[-4.5600834 -3.401967  -4.12579    7.1658454 -4.5600834 -4.2705545
 -3.9810252 -3.619114 ]
[-4.2705545 -3.1848202 -3.8362608  7.3106103 -4.198172  -3.9810252
 -3.6914961 -3.3295848]
[-4.0534077 -2.895291  -3.5467317  7.3829923 -3.9810252 -3.6914961
 -3.401967  -3.112438 ]
[-3.7638786 -2.6781442 -3.2572026  7.527757  -3.8362608 -3.401967
 -3.1848202 -2.895291 ]
[-4.0534077 -3.0400558 -3.6914961  7.0934634 -4.5600834 -3.619114
 -3.401967  -3.401967 ]
[-4.632466  -3.6914961 -4.12579    6.731552  -5.211524  -4.0534077
 -3.8362608 -4.0534077]
[-5.3562884 -4.198172  -4.7048483  6.586787  -5.790582  -4.7048483
 -4.415319  -4.5600834]
[-4.8496127 -3.3295848 -3.8362608  7.6725216 -4.3429365 -4.198172
 -3.6914961 -3.3295848]
[-3.5467317 -1.9543215 -2.9676735  8.613491  -2.9676735 -3.3295848
 -2.895291  -2.0267038]
[-1.8819393  -0.4342937  -1.2304988   9.337314   -1.2304988  -1.7371747
 -1.302881   -0.50667596]
[-1.0133519   0.28952911 -0.28952911  9.771607   -0.4342937  -0.8685874
 -0.3619114   0.14476456]
[-0.50667596  0.6514405   0.07238228  9.84399    -0.3619114  -0.3619114
  0.          0.3619114 ]
[ 0.50667596  0.6514405   0.          6.442023   -0.6514405  -0.14476456
 -0.21714684  0.3619114 ]
[-2.7505267 -2.316233  -2.9676735  4.8496127 -3.4743495 -2.7505267
 -2.895291  -2.5333798]
[-4.2705545 -3.112438  -3.5467317  7.238228  -4.415319  -3.7638786
 -3.401967  -3.2572026]
[-5.0667596 -3.6914961 -4.415319   7.021081  -5.1391416 -4.415319
 -4.12579   -3.908643 ]
[-4.415319  -3.0400558 -3.8362608  7.3106103 -4.4877014 -3.908643
 -3.619114  -3.3295848]
[-4.12579   -2.7505267 -3.4743495  7.527757  -4.12579   -3.619114
 -3.3295848 -3.0400558]
[-3.908643  -2.605762  -3.3295848  7.600139  -3.9810252 -3.4743495
 -3.1848202 -2.895291 ]
[-3.908643  -2.605762  -3.3295848  7.527757  -3.9810252 -3.4743495
 -3.1848202 -2.895291 ]
[-4.3429365 -3.3295848 -4.12579    6.948699  -4.921995  -4.0534077
 -3.8362608 -3.6914961]
[-5.2839065 -4.198172  -4.7772303  6.3696404 -5.7182    -4.7772303
 -4.4877014 -4.4877014]
[-5.935347  -4.632466  -5.211524   6.2972584 -6.0801115 -5.1391416
 -4.921995  -4.921995 ]
[-4.7772303 -3.0400558 -3.401967   7.744904  -3.9810252 -3.619114
 -3.112438  -3.112438 ]
[-2.605762  -1.0133519 -1.6647924  9.120167  -2.2438507 -1.8819393
 -1.4476455 -1.3752633]
[-0.6514405   0.57905823  0.14476456  9.988754   -0.6514405  -0.28952911
  0.14476456  0.28952911]
[-0.4342937   0.8685874   0.4342937  10.133519   -0.14476456 -0.14476456
  0.4342937   0.6514405 ]
[-0.4342937   0.7238228   0.14476456  9.916372   -0.4342937  -0.3619114
  0.07238228  0.4342937 ]
[ 0.4342937   0.6514405  -0.07238228  6.442023   -0.7238228  -0.21714684
 -0.21714684  0.3619114 ]
[-2.6781442 -2.2438507 -2.895291   4.921995  -3.3295848 -2.7505267
 -2.8229089 -2.4609976]
[-4.198172  -3.0400558 -3.4743495  7.1658454 -4.415319  -3.619114
 -3.2572026 -3.2572026]
[-5.0667596 -3.7638786 -4.3429365  6.731552  -5.2839065 -4.198172
 -3.9810252 -4.198172 ]
[-4.5600834 -3.3295848 -3.7638786  7.021081  -4.994377  -3.6914961
 -3.401967  -3.7638786]
[-4.3429365 -3.112438  -3.5467317  7.1658454 -4.7772303 -3.4743495
 -3.112438  -3.5467317]
[-4.2705545 -3.0400558 -3.4743495  7.238228  -4.7048483 -3.4743495
 -3.112438  -3.4743495]
[-4.2705545 -3.0400558 -3.5467317  7.1658454 -4.7772303 -3.4743495
 -3.1848202 -3.4743495]
[-4.7048483 -3.619114  -4.2705545  6.731552  -5.428671  -4.12579
 -3.908643  -4.12579  ]
[-5.428671  -4.2705545 -4.921995   6.3696404 -5.935347  -4.8496127
 -4.5600834 -4.632466 ]
[-6.007729  -4.7048483 -5.2839065  6.1524935 -6.224876  -5.211524
 -4.921995  -4.994377 ]
[-5.211524  -3.619114  -3.9810252  7.021081  -4.921995  -4.0534077
 -3.619114  -3.8362608]
[-3.7638786 -2.316233  -2.8229089  7.8896685 -3.9810252 -2.6781442
 -2.316233  -2.8229089]
[-2.5333798 -1.0857341 -1.5200279  8.613491  -2.895291  -1.5200279
 -1.0857341 -1.5924101]
[-2.099086   -0.57905823 -0.8685874   9.120167   -2.099086   -1.1581165
 -0.57905823 -0.94096965]
[-1.6647924  -0.28952911 -0.79620504  9.264932   -1.809557   -1.0133519
 -0.57905823 -0.7238228 ]
[-0.14476456  0.14476456 -0.4342937   6.224876   -1.3752633  -0.50667596
 -0.50667596 -0.21714684]
[-2.5333798 -2.0267038 -2.7505267  5.0667596 -3.1848202 -2.605762
 -2.6781442 -2.2438507]
[-3.9810252 -3.0400558 -3.4743495  7.238228  -4.3429365 -3.619114
 -3.3295848 -3.1848202]
[-5.211524  -4.12579   -4.7048483  6.586787  -5.5010533 -4.632466
 -4.415319  -4.415319 ]
[-5.211524  -4.12579   -4.7048483  6.5144053 -5.7182    -4.5600834
 -4.415319  -4.5600834]
[-5.3562884 -4.2705545 -4.7048483  6.442023  -5.790582  -4.5600834
 -4.3429365 -4.5600834]
[-5.428671  -4.2705545 -4.7772303  6.442023  -5.8629646 -4.5600834
 -4.3429365 -4.7048483]
[-5.3562884 -4.198172  -4.7048483  6.442023  -5.8629646 -4.5600834
 -4.2705545 -4.632466 ]
[-5.428671  -4.2705545 -4.8496127  6.442023  -5.8629646 -4.7048483
 -4.4877014 -4.632466 ]
[-5.428671  -4.2705545 -4.8496127  6.6591697 -5.5734353 -4.8496127
 -4.5600834 -4.4877014]
[-5.428671  -4.2705545 -5.0667596  6.442023  -5.7182    -4.994377
 -4.7772303 -4.632466 ]
[-5.1391416 -3.9810252 -4.3429365  6.586787  -5.211524  -4.2705545
 -4.0534077 -4.198172 ]
[-4.8496127 -3.6914961 -4.12579    6.731552  -5.2839065 -3.908643
 -3.6914961 -4.2705545]
[-4.3429365 -3.1848202 -3.4743495  7.0934634 -4.921995  -3.3295848
 -2.9676735 -3.6914961]
[-4.0534077 -2.6781442 -2.895291   7.527757  -4.3429365 -2.895291
 -2.4609976 -3.112438 ]
[-3.401967  -2.099086  -2.3886151  8.034433  -3.8362608 -2.3886151
 -2.0267038 -2.605762 ]
[-1.4476455 -1.0133519 -1.5200279  5.5010533 -2.605762  -1.4476455
 -1.3752633 -1.4476455]
[-2.2438507 -1.7371747 -2.3886151  5.3562884 -2.7505267 -2.316233
 -2.3886151 -1.9543215]
[-3.5467317 -2.5333798 -3.112438   7.600139  -3.6914961 -3.3295848
 -3.0400558 -2.6781442]
[-4.7048483 -3.619114  -4.3429365  6.948699  -4.8496127 -4.415319
 -4.198172  -3.7638786]
[-5.0667596 -3.9810252 -4.7772303  6.586787  -5.428671  -4.7048483
 -4.5600834 -4.3429365]
[-5.5734353 -4.4877014 -5.0667596  6.2972584 -5.8629646 -5.0667596
 -4.8496127 -4.7048483]
[-6.007729  -4.8496127 -5.5010533  6.0801115 -6.3696404 -5.3562884
 -5.211524  -5.1391416]
[-6.007729  -4.8496127 -5.5010533  6.0801115 -6.3696404 -5.3562884
 -5.1391416 -5.211524 ]
[-5.790582  -4.5600834 -5.1391416  6.442023  -5.8629646 -5.1391416
 -4.8496127 -4.7772303]
[-5.1391416 -3.7638786 -4.415319   7.1658454 -4.8496127 -4.632466
 -4.2705545 -3.8362608]
[-4.632466  -3.4743495 -4.415319   7.0934634 -4.921995  -4.415319
 -4.2705545 -3.7638786]
[-4.7772303 -3.7638786 -4.4877014  6.586787  -5.1391416 -4.4877014
 -4.2705545 -4.0534077]
[-5.8629646 -4.7048483 -5.3562884  6.0801115 -6.224876  -5.211524
 -5.0667596 -5.0667596]
[-6.0801115 -4.8496127 -5.5010533  6.007729  -6.442023  -5.2839065
 -5.1391416 -5.211524 ]
[-5.8629646 -4.5600834 -5.0667596  6.2972584 -6.0801115 -4.8496127
 -4.632466  -4.921995 ]
[-5.211524  -3.908643  -4.3429365  6.8763165 -5.3562884 -4.198172
 -3.908643  -4.2705545]
[-2.8229089 -2.316233  -2.8229089  4.8496127 -3.6914961 -2.6781442
 -2.6781442 -2.605762 ]
[-2.0267038 -1.4476455 -1.9543215  5.7182    -2.2438507 -2.0267038
 -2.0267038 -1.5200279]
[-2.895291  -1.809557  -2.3886151  8.25158   -2.9676735 -2.7505267
 -2.3886151 -1.8819393]
[-3.619114  -2.4609976 -3.1848202  7.817286  -3.5467317 -3.401967
 -3.112438  -2.605762 ]
[-3.908643  -2.895291  -3.619114   7.527757  -4.0534077 -3.7638786
 -3.5467317 -3.112438 ]
[-4.3429365 -3.3295848 -3.9810252  7.238228  -4.3429365 -4.198172
 -3.908643  -3.401967 ]
[-4.7048483 -3.6914961 -4.415319   7.0934634 -4.7048483 -4.5600834
 -4.2705545 -3.8362608]
[-4.7772303 -3.7638786 -4.4877014  7.021081  -4.8496127 -4.632466
 -4.3429365 -3.908643 ]
[-4.5600834 -3.401967  -3.9810252  7.3106103 -4.2705545 -4.2705545
 -3.908643  -3.401967 ]
[-3.8362608 -2.4609976 -3.0400558  8.106815  -3.2572026 -3.401967
 -2.9676735 -2.4609976]
[-3.112438  -2.099086  -2.9676735  8.106815  -3.401967  -3.112438
 -2.895291  -2.3886151]
[-3.5467317 -2.6781442 -3.3295848  7.4553747 -3.908643  -3.5467317
 -3.2572026 -2.895291 ]
[-5.0667596 -4.0534077 -4.7048483  6.586787  -5.3562884 -4.7772303
 -4.5600834 -4.2705545]
[-5.6458178 -4.5600834 -5.211524   6.2972584 -5.935347  -5.211524
 -4.994377  -4.8496127]
[-5.6458178 -4.4877014 -5.1391416  6.442023  -5.790582  -5.1391416
 -4.8496127 -4.7048483]
[-5.211524  -3.908643  -4.4877014  7.021081  -4.994377  -4.632466
 -4.2705545 -4.0534077]
[-2.9676735 -2.3886151 -3.112438   4.7772303 -3.4743495 -3.112438
 -3.0400558 -2.5333798]
[-1.5924101  -0.7238228  -1.302881    3.8362608  -1.7371747  -0.79620504
 -0.7238228  -1.1581165 ]
[-2.1714683  -0.79620504 -1.5200279   5.790582   -2.2438507  -0.79620504
 -0.79620504 -1.3752633 ]
[-2.4609976 -1.0857341 -1.8819393  5.5734353 -2.4609976 -1.1581165
 -1.0857341 -1.6647924]
[-2.6781442 -1.3752633 -2.2438507  5.428671  -2.8229089 -1.5200279
 -1.5200279 -1.9543215]
[-3.0400558 -1.5924101 -2.5333798  5.2839065 -3.0400558 -1.809557
 -1.809557  -2.1714683]
[-3.3295848 -1.8819393 -2.895291   5.1391416 -3.1848202 -2.099086
 -2.099086  -2.3886151]
[-3.401967  -1.9543215 -2.9676735  5.0667596 -3.2572026 -2.1714683
 -2.2438507 -2.4609976]
[-3.2572026 -1.6647924 -2.605762   5.2839065 -2.895291  -1.8819393
 -1.809557  -2.1714683]
[-2.6781442 -1.0857341 -1.8819393  5.7182    -2.316233  -1.0857341
 -1.0133519 -1.5924101]
[-2.1714683  -0.8685874  -1.809557    5.790582   -2.3886151  -0.94096965
 -1.0133519  -1.5924101 ]
[-2.605762  -1.3752633 -2.1714683  5.3562884 -2.895291  -1.4476455
 -1.4476455 -1.9543215]
[-3.6914961 -2.3886151 -3.3295848  4.7048483 -3.6914961 -2.5333798
 -2.605762  -2.9676735]
[-4.12579   -2.8229089 -3.7638786  4.415319  -4.12579   -2.9676735
 -3.0400558 -3.401967 ]
[-4.12579   -2.7505267 -3.6914961  4.5600834 -3.9810252 -2.895291
 -2.9676735 -3.2572026]
[-3.8362608 -2.316233  -3.1848202  4.921995  -3.5467317 -2.3886151
 -2.3886151 -2.7505267]
[-2.099086  -1.5200279 -2.1714683  3.5467317 -2.5333798 -1.4476455
 -1.5924101 -1.7371747]
