[0.19140625 0.25390625 0.140625   0.99609375 0.16796875 0.1171875
 0.125      0.3125    ]
[0.140625   0.2265625  0.1171875  0.99609375 0.125      0.0703125
 0.09765625 0.25390625]
[0.16796875 0.265625   0.140625   0.99609375 0.16796875 0.08984375
 0.125      0.3125    ]
[0.28125    0.4296875  0.296875   0.99609375 0.3125     0.21484375
 0.296875   0.48046875]
[0.359375   0.5        0.359375   0.99609375 0.39453125 0.265625
 0.359375   0.5703125 ]
[0.375      0.5546875  0.39453125 0.99609375 0.41015625 0.296875
 0.39453125 0.58984375]
[0.375      0.5703125  0.4296875  0.99609375 0.39453125 0.3125
 0.4296875  0.5703125 ]
[0.39453125 0.48046875 0.328125   0.99609375 0.3125     0.28125
 0.3125     0.5       ]
[0.0859375  0.16015625 0.1171875  0.99609375 0.07421875 0.1171875
 0.125      0.140625  ]
[0.03125    0.09765625 0.0625     0.99609375 0.0234375  0.0546875
 0.078125   0.0703125 ]
[0.03515625 0.1328125  0.09765625 0.99609375 0.04296875 0.078125
 0.1171875  0.1015625 ]
[0.19140625 0.4453125  0.34375    0.99609375 0.21484375 0.265625
 0.359375   0.39453125]
[0.265625   0.51953125 0.4296875  0.99609375 0.28125    0.328125
 0.4453125  0.46484375]
[0.296875   0.5546875  0.4453125  0.99609375 0.3125     0.34375
 0.46484375 0.5       ]
[0.3125     0.625      0.51953125 0.99609375 0.34375    0.39453125
 0.51953125 0.5546875 ]
[0.5        0.60546875 0.4453125  0.99609375 0.34375    0.34375
 0.4296875  0.53515625]
[0.2265625  0.41015625 0.23828125 0.99609375 0.265625   0.203125
 0.21484375 0.41015625]
[0.0625     0.1484375  0.05859375 0.99609375 0.05078125 0.05078125
 0.0546875  0.1171875 ]
[0.01171875 0.04296875 0.02734375 0.99609375 0.01171875 0.01953125
 0.03125    0.03515625]
[0.109375   0.3125     0.21484375 0.99609375 0.125      0.16015625
 0.2265625  0.265625  ]
[0.16796875 0.41015625 0.296875   0.99609375 0.16796875 0.2265625
 0.3125     0.34375   ]
[0.140625   0.375      0.265625   0.99609375 0.125      0.21484375
 0.296875   0.296875  ]
[0.1328125  0.41015625 0.28125    0.99609375 0.19140625 0.21484375
 0.3125     0.34375   ]
[0.703125   0.734375   0.5703125  0.99609375 0.4296875  0.53515625
 0.5546875  0.65625   ]
[0.375      0.6875     0.5546875  0.99609375 0.41015625 0.41015625
 0.53515625 0.640625  ]
[0.19140625 0.359375   0.19140625 0.99609375 0.09765625 0.16796875
 0.19140625 0.265625  ]
[0.0078125  0.03125    0.01953125 0.99609375 0.0078125  0.01953125
 0.0234375  0.0234375 ]
[0.05859375 0.16015625 0.109375   0.99609375 0.0703125  0.0859375
 0.1171875  0.140625  ]
[0.1015625  0.23828125 0.16015625 0.99609375 0.109375   0.1171875
 0.16015625 0.21484375]
[0.0234375  0.05078125 0.03515625 0.99609375 0.01171875 0.03125
 0.0390625  0.03515625]
[0.04296875 0.1796875  0.1171875  0.99609375 0.0859375  0.08984375
 0.140625   0.1484375 ]
[0.71875    0.734375   0.5703125  0.99609375 0.41015625 0.53515625
 0.53515625 0.65625   ]
[0.1015625  0.1796875  0.1328125  0.99609375 0.07421875 0.1484375
 0.1484375  0.1484375 ]
[0.01953125 0.05078125 0.03515625 0.99609375 0.01171875 0.03515625
 0.046875   0.03125   ]
[0.015625   0.05078125 0.02734375 0.99609375 0.01953125 0.0234375
 0.03125    0.04296875]
[0.03125    0.09765625 0.0703125  0.99609375 0.0234375  0.0703125
 0.08984375 0.0625    ]
[0.03515625 0.1015625  0.078125   0.99609375 0.01953125 0.0859375
 0.109375   0.0625    ]
[0.02734375 0.125      0.05078125 0.99609375 0.05078125 0.03515625
 0.05078125 0.1171875 ]
[0.265625   0.5703125  0.4296875  0.99609375 0.39453125 0.296875
 0.41015625 0.53515625]
[0.640625   0.671875   0.51953125 0.99609375 0.41015625 0.48046875
 0.5        0.60546875]
[0.0625     0.09765625 0.05078125 0.99609375 0.03515625 0.05859375
 0.0546875  0.078125  ]
[0.01171875 0.046875   0.0234375  0.99609375 0.01171875 0.0234375
 0.03125    0.03515625]
[0.01953125 0.0703125  0.03515625 0.99609375 0.01953125 0.03125
 0.04296875 0.05078125]
[0.01953125 0.0703125  0.03515625 0.99609375 0.01953125 0.03125
 0.0390625  0.05078125]
[0.00390625 0.015625   0.0078125  0.99609375 0.00390625 0.0078125
 0.01171875 0.01171875]
[0.0703125  0.265625   0.16015625 0.99609375 0.09765625 0.1328125
 0.19140625 0.203125  ]
[0.39453125 0.703125   0.60546875 0.99609375 0.46484375 0.46484375
 0.60546875 0.65625   ]
[0.60546875 0.671875   0.53515625 0.99609375 0.39453125 0.4453125
 0.51953125 0.60546875]
[0.09765625 0.1484375  0.0859375  0.99609375 0.05859375 0.08984375
 0.0859375  0.125     ]
[0.0078125  0.02734375 0.01171875 0.99609375 0.0078125  0.01171875
 0.015625   0.0234375 ]
[0.00390625 0.015625   0.0078125  0.99609375 0.00390625 0.01171875
 0.01171875 0.01171875]
[0.00390625 0.015625   0.0078125  0.99609375 0.00390625 0.01171875
 0.015625   0.0078125 ]
[0.0078125  0.03125    0.01171875 0.99609375 0.0078125  0.01171875
 0.015625   0.0234375 ]
[0.0078125  0.0234375  0.015625   0.99609375 0.00390625 0.01953125
 0.0234375  0.015625  ]
[0.015625   0.0625     0.05078125 0.99609375 0.01171875 0.05078125
 0.078125   0.04296875]
[0.19140625 0.265625   0.1796875  0.99609375 0.0703125  0.19140625
 0.203125   0.19140625]
[0.16796875 0.328125   0.21484375 0.99609375 0.1484375  0.3125
 0.328125   0.23828125]
[0.078125   0.25390625 0.1328125  0.99609375 0.078125   0.23828125
 0.25390625 0.16015625]
[0.046875   0.16796875 0.07421875 0.99609375 0.046875   0.140625
 0.140625   0.1015625 ]
[0.03515625 0.16015625 0.0703125  0.99609375 0.05078125 0.1328125
 0.140625   0.1015625 ]
[0.1015625  0.296875   0.140625   0.99609375 0.08984375 0.28125
 0.265625   0.16796875]
[0.0703125  0.203125   0.1015625  0.99609375 0.05078125 0.19140625
 0.19140625 0.125     ]
[0.015625   0.05859375 0.0234375  0.99609375 0.01953125 0.05078125
 0.05078125 0.03515625]
[0.109375   0.1796875  0.1015625  0.99609375 0.07421875 0.19140625
 0.16796875 0.1484375 ]
