[0.99609375 0.30859375 0.29296875 0.99609375 0.34765625 0.29296875
 0.30859375 0.5       ]
[0.99609375 0.29296875 0.26953125 0.99609375 0.29296875 0.2578125
 0.29296875 0.484375  ]
[0.99609375 0.30859375 0.28125    0.99609375 0.30859375 0.28125
 0.30859375 0.484375  ]
[0.99609375 0.30859375 0.28125    0.99609375 0.30859375 0.28125
 0.30859375 0.46875   ]
[0.99609375 0.29296875 0.26953125 0.99609375 0.29296875 0.26953125
 0.29296875 0.484375  ]
[0.99609375 0.3203125  0.30859375 0.99609375 0.3359375  0.30859375
 0.3359375  0.484375  ]
[0.99609375 0.37890625 0.36328125 0.99609375 0.40625    0.37890625
 0.390625   0.46875   ]
[0.99609375 0.40625    0.390625   0.99609375 0.4375     0.40625
 0.421875   0.453125  ]
[0.99609375 0.4375     0.4375     0.99609375 0.453125   0.4375
 0.453125   0.453125  ]
[0.99609375 0.4375     0.4375     0.99609375 0.46875    0.453125
 0.453125   0.453125  ]
[0.99609375 0.453125   0.453125   0.99609375 0.484375   0.46875
 0.46875    0.4375    ]
[0.99609375 0.46875    0.453125   0.99609375 0.484375   0.46875
 0.46875    0.4375    ]
[0.99609375 0.453125   0.4375     0.99609375 0.46875    0.453125
 0.46875    0.4375    ]
[0.99609375 0.4375     0.421875   0.99609375 0.46875    0.4375
 0.453125   0.4375    ]
[0.99609375 0.453125   0.4375     0.99609375 0.46875    0.453125
 0.453125   0.4375    ]
[0.99609375 0.390625   0.390625   0.99609375 0.390625   0.37890625
 0.390625   0.4375    ]
[0.99609375 0.37890625 0.36328125 0.99609375 0.4375     0.36328125
 0.37890625 0.46875   ]
[0.99609375 0.37890625 0.36328125 0.99609375 0.390625   0.36328125
 0.390625   0.453125  ]
[0.99609375 0.37890625 0.36328125 0.99609375 0.390625   0.36328125
 0.37890625 0.453125  ]
[0.99609375 0.36328125 0.34765625 0.99609375 0.390625   0.34765625
 0.37890625 0.453125  ]
[0.99609375 0.34765625 0.34765625 0.99609375 0.36328125 0.3359375
 0.36328125 0.46875   ]
[0.99609375 0.390625   0.390625   0.99609375 0.421875   0.390625
 0.40625    0.46875   ]
[0.99609375 0.46875    0.46875    0.99609375 0.5        0.484375
 0.484375   0.453125  ]
[0.99609375 0.5        0.515625   0.99609375 0.546875   0.515625
 0.53125    0.421875  ]
[0.99609375 0.53125    0.546875   0.99609375 0.578125   0.546875
 0.546875   0.421875  ]
[0.99609375 0.546875   0.5625     0.99609375 0.578125   0.5625
 0.5625     0.421875  ]
[0.99609375 0.5625     0.5625     0.99609375 0.59375    0.578125
 0.578125   0.421875  ]
[0.99609375 0.5625     0.5625     0.99609375 0.59375    0.578125
 0.578125   0.421875  ]
[0.99609375 0.546875   0.5625     0.99609375 0.59375    0.578125
 0.578125   0.421875  ]
[0.99609375 0.546875   0.5625     0.99609375 0.578125   0.5625
 0.5625     0.421875  ]
[0.99609375 0.546875   0.5625     0.99609375 0.578125   0.5625
 0.5625     0.421875  ]
[0.99609375 0.4375     0.4375     0.99609375 0.46875    0.4375
 0.453125   0.453125  ]
[0.99609375 0.3203125  0.29296875 0.99609375 0.36328125 0.29296875
 0.30859375 0.5       ]
[0.99609375 0.34765625 0.3359375  0.99609375 0.36328125 0.3203125
 0.34765625 0.5       ]
[0.99609375 0.30859375 0.28125    0.99609375 0.30859375 0.28125
 0.30859375 0.515625  ]
[0.99609375 0.3203125  0.3203125  0.99609375 0.3359375  0.30859375
 0.3359375  0.5       ]
[0.99609375 0.30859375 0.29296875 0.99609375 0.30859375 0.28125
 0.30859375 0.484375  ]
[0.99609375 0.24609375 0.234375   0.99609375 0.2578125  0.2109375
 0.24609375 0.515625  ]
[0.99609375 0.40625    0.40625    0.99609375 0.4375     0.40625
 0.421875   0.484375  ]
[0.99609375 0.484375   0.484375   0.99609375 0.515625   0.484375
 0.5        0.4375    ]
[0.99609375 0.46875    0.484375   0.99609375 0.515625   0.484375
 0.5        0.4375    ]
[0.99609375 0.40625    0.40625    0.99609375 0.4375     0.40625
 0.421875   0.484375  ]
[0.99609375 0.421875   0.4375     0.99609375 0.46875    0.421875
 0.453125   0.46875   ]
[0.99609375 0.515625   0.515625   0.99609375 0.546875   0.53125
 0.53125    0.4375    ]
[0.99609375 0.453125   0.46875    0.99609375 0.5        0.46875
 0.484375   0.453125  ]
[0.99609375 0.546875   0.5625     0.99609375 0.59375    0.578125
 0.578125   0.4375    ]
[0.99609375 0.546875   0.5625     0.99609375 0.59375    0.578125
 0.578125   0.421875  ]
[0.99609375 0.3359375  0.3359375  0.99609375 0.34765625 0.30859375
 0.3359375  0.46875   ]
[0.99609375 0.28125    0.2578125  0.99609375 0.3203125  0.2578125
 0.26953125 0.5       ]
[0.99609375 0.171875   0.15625    0.99609375 0.1640625  0.1328125
 0.1640625  0.5625    ]
[0.99609375 0.08984375 0.0859375  0.99609375 0.09375    0.06640625
 0.08984375 0.578125  ]
[0.99609375 0.15625    0.15625    0.99609375 0.1640625  0.125
 0.1640625  0.578125  ]
[0.99609375 0.15625    0.1484375  0.99609375 0.1640625  0.125
 0.1640625  0.5625    ]
[0.99609375 0.15625    0.140625   0.99609375 0.1640625  0.125
 0.15625    0.5625    ]
[0.99609375 0.3359375  0.3359375  0.99609375 0.36328125 0.3359375
 0.34765625 0.5       ]
[0.99609375 0.46875    0.46875    0.99609375 0.5        0.46875
 0.484375   0.453125  ]
[0.99609375 0.46875    0.484375   0.99609375 0.5        0.46875
 0.484375   0.4375    ]
[0.99609375 0.453125   0.453125   0.99609375 0.484375   0.453125
 0.46875    0.46875   ]
[0.99609375 0.5        0.5        0.99609375 0.53125    0.515625
 0.515625   0.46875   ]
[0.99609375 0.515625   0.53125    0.99609375 0.5625     0.53125
 0.53125    0.4375    ]
[0.99609375 0.37890625 0.34765625 0.99609375 0.37890625 0.34765625
 0.37890625 0.453125  ]
[0.99609375 0.53125    0.546875   0.99609375 0.578125   0.5625
 0.5625     0.453125  ]
[0.99609375 0.546875   0.5625     0.99609375 0.59375    0.5625
 0.578125   0.421875  ]
[0.99609375 0.421875   0.421875   0.99609375 0.421875   0.40625
 0.421875   0.453125  ]
[0.99609375 0.390625   0.37890625 0.99609375 0.46875    0.390625
 0.40625    0.46875   ]
[0.99609375 0.1640625  0.140625   0.99609375 0.1328125  0.125
 0.1484375  0.546875  ]
[0.99609375 0.140625   0.12109375 0.99609375 0.140625   0.11328125
 0.140625   0.53125   ]
[0.99609375 0.07421875 0.05859375 0.99609375 0.05859375 0.05078125
 0.0625     0.609375  ]
[0.99609375 0.05859375 0.0546875  0.99609375 0.05859375 0.0390625
 0.05859375 0.609375  ]
[0.99609375 0.18359375 0.171875   0.99609375 0.203125   0.1640625
 0.19140625 0.5625    ]
[0.99609375 0.3359375  0.3359375  0.99609375 0.36328125 0.3359375
 0.34765625 0.484375  ]
[0.99609375 0.453125   0.453125   0.99609375 0.484375   0.453125
 0.46875    0.453125  ]
[0.99609375 0.5        0.515625   0.99609375 0.53125    0.515625
 0.515625   0.421875  ]
[0.9921875  0.515625   0.515625   0.99609375 0.546875   0.53125
 0.53125    0.421875  ]
[0.99609375 0.5        0.515625   0.99609375 0.546875   0.515625
 0.515625   0.421875  ]
[0.99609375 0.515625   0.515625   0.99609375 0.546875   0.53125
 0.53125    0.4375    ]
[0.99609375 0.3359375  0.29296875 0.99609375 0.3203125  0.29296875
 0.3359375  0.515625  ]
[0.99609375 0.484375   0.515625   0.99609375 0.53125    0.515625
 0.515625   0.5       ]
[0.99609375 0.609375   0.609375   0.99609375 0.65234375 0.63671875
 0.63671875 0.40625   ]
[0.99609375 0.578125   0.59375    0.99609375 0.609375   0.59375
 0.59375    0.390625  ]
[0.99609375 0.5625     0.5625     0.99609375 0.609375   0.59375
 0.578125   0.421875  ]
[0.99609375 0.53125    0.546875   0.99609375 0.53125    0.546875
 0.53125    0.453125  ]
[0.99609375 0.421875   0.40625    0.99609375 0.4375     0.4375
 0.421875   0.46875   ]
[0.99609375 0.15625    0.1328125  0.99609375 0.11328125 0.11328125
 0.125      0.609375  ]
[0.99609375 0.06640625 0.05859375 0.99609375 0.06640625 0.046875
 0.06640625 0.609375  ]
[0.99609375 0.22265625 0.2109375  0.99609375 0.24609375 0.203125
 0.234375   0.546875  ]
[0.99609375 0.34765625 0.34765625 0.99609375 0.37890625 0.34765625
 0.36328125 0.5       ]
[0.99609375 0.390625   0.390625   0.99609375 0.421875   0.390625
 0.40625    0.5       ]
[0.99609375 0.37890625 0.37890625 0.99609375 0.40625    0.37890625
 0.40625    0.5       ]
[0.99609375 0.36328125 0.36328125 0.99609375 0.37890625 0.34765625
 0.37890625 0.53125   ]
[0.99609375 0.2578125  0.2578125  0.99609375 0.26953125 0.234375
 0.26953125 0.578125  ]
[0.99609375 0.2109375  0.2109375  0.99609375 0.22265625 0.18359375
 0.234375   0.609375  ]
[0.99609375 0.1015625  0.08984375 0.99609375 0.1015625  0.0703125
 0.09375    0.62109375]
[0.99609375 0.4375     0.46875    0.99609375 0.484375   0.453125
 0.46875    0.546875  ]
[0.99609375 0.62109375 0.62109375 0.99609375 0.6796875  0.6640625
 0.65234375 0.40625   ]
[0.99609375 0.609375   0.63671875 0.99609375 0.65234375 0.65234375
 0.63671875 0.390625  ]
[0.99609375 0.59375    0.59375    0.99609375 0.63671875 0.63671875
 0.62109375 0.421875  ]
[0.99609375 0.65234375 0.6640625  0.99609375 0.6640625  0.6796875
 0.65234375 0.37890625]
[0.99609375 0.63671875 0.65234375 0.99609375 0.65234375 0.6796875
 0.65234375 0.390625  ]
[0.99609375 0.203125   0.19140625 0.99609375 0.1640625  0.1484375
 0.18359375 0.5625    ]
[0.99609375 0.05078125 0.04296875 0.99609375 0.05078125 0.03125
 0.05078125 0.609375  ]
[0.99609375 0.10546875 0.1015625  0.99609375 0.11328125 0.08203125
 0.10546875 0.578125  ]
[0.99609375 0.1484375  0.125      0.99609375 0.140625   0.11328125
 0.1328125  0.53125   ]
[0.99609375 0.22265625 0.19140625 0.99609375 0.2109375  0.19140625
 0.2109375  0.515625  ]
[0.99609375 0.30859375 0.26953125 0.99609375 0.29296875 0.28125
 0.29296875 0.5       ]
[0.99609375 0.3203125  0.28125    0.99609375 0.30859375 0.29296875
 0.30859375 0.5       ]
[0.99609375 0.0859375  0.0625     0.99609375 0.06640625 0.0546875
 0.0703125  0.62109375]
[0.99609375 0.0234375  0.015625   0.99609375 0.01953125 0.01171875
 0.01953125 0.6640625 ]
[0.99609375 0.0390625  0.03125    0.99609375 0.04296875 0.02734375
 0.0390625  0.6640625 ]
[0.99609375 0.37890625 0.421875   0.99609375 0.4375     0.40625
 0.421875   0.5625    ]
[0.99609375 0.59375    0.59375    0.99609375 0.63671875 0.62109375
 0.609375   0.40625   ]
[0.99609375 0.5625     0.59375    0.99609375 0.62109375 0.609375
 0.59375    0.40625   ]
[0.99609375 0.4375     0.4375     0.99609375 0.53125    0.46875
 0.46875    0.46875   ]
[0.99609375 0.5        0.546875   0.99609375 0.5625     0.53125
 0.53125    0.5       ]
[0.99609375 0.53125    0.59375    0.99609375 0.578125   0.578125
 0.578125   0.46875   ]
[0.99609375 0.15625    0.140625   0.99609375 0.12109375 0.10546875
 0.1328125  0.5625    ]
[0.99609375 0.09375    0.08203125 0.99609375 0.09375    0.0703125
 0.09375    0.59375   ]
[0.99609375 0.22265625 0.2109375  0.99609375 0.24609375 0.2109375
 0.234375   0.546875  ]
[0.99609375 0.3359375  0.3359375  0.99609375 0.36328125 0.3359375
 0.34765625 0.5       ]
[0.99609375 0.421875   0.4375     0.99609375 0.453125   0.421875
 0.4375     0.453125  ]
[0.99609375 0.546875   0.546875   0.99609375 0.578125   0.578125
 0.5625     0.421875  ]
[0.99609375 0.5625     0.5625     0.99609375 0.59375    0.59375
 0.578125   0.453125  ]
[0.99609375 0.1328125  0.11328125 0.99609375 0.1015625  0.08984375
 0.11328125 0.609375  ]
[0.99609375 0.01953125 0.01171875 0.99609375 0.015625   0.0078125
 0.015625   0.6640625 ]
[0.99609375 0.03125    0.02734375 0.99609375 0.03515625 0.0234375
 0.03125    0.65234375]
[0.99609375 0.34765625 0.390625   0.99609375 0.421875   0.37890625
 0.40625    0.5625    ]
[0.99609375 0.609375   0.62109375 0.99609375 0.65234375 0.65234375
 0.62109375 0.40625   ]
[0.99609375 0.5625     0.578125   0.99609375 0.609375   0.59375
 0.59375    0.40625   ]
[0.99609375 0.37890625 0.36328125 0.99609375 0.4375     0.36328125
 0.37890625 0.484375  ]
[0.99609375 0.171875   0.15625    0.99609375 0.1640625  0.140625
 0.1640625  0.59375   ]
[0.99609375 0.11328125 0.12109375 0.99609375 0.125      0.08984375
 0.125      0.609375  ]
[0.99609375 0.08203125 0.0703125  0.99609375 0.0703125  0.0546875
 0.07421875 0.609375  ]
[0.99609375 0.08984375 0.08203125 0.99609375 0.09375    0.06640625
 0.08984375 0.609375  ]
[0.99609375 0.171875   0.171875   0.99609375 0.18359375 0.15625
 0.18359375 0.578125  ]
[0.99609375 0.24609375 0.234375   0.99609375 0.24609375 0.2109375
 0.24609375 0.53125   ]
[0.99609375 0.26953125 0.26953125 0.99609375 0.28125    0.24609375
 0.26953125 0.53125   ]
[0.99609375 0.24609375 0.2578125  0.99609375 0.26953125 0.234375
 0.26953125 0.59375   ]
[0.99609375 0.19140625 0.203125   0.99609375 0.203125   0.1640625
 0.2109375  0.62109375]
[0.99609375 0.05859375 0.0546875  0.99609375 0.046875   0.03125
 0.0546875  0.62109375]
[0.99609375 0.0859375  0.0625     0.99609375 0.08203125 0.05859375
 0.07421875 0.65234375]
[0.99609375 0.15625    0.125      0.99609375 0.15625    0.125
 0.140625   0.62109375]
[0.99609375 0.40625    0.421875   0.99609375 0.46875    0.4375
 0.4375     0.546875  ]
[0.99609375 0.59375    0.609375   0.99609375 0.63671875 0.62109375
 0.609375   0.40625   ]
[0.99609375 0.53125    0.546875   0.99609375 0.578125   0.5625
 0.5625     0.421875  ]
[0.99609375 0.34765625 0.3203125  0.99609375 0.40625    0.3359375
 0.34765625 0.5       ]
[0.99609375 0.10546875 0.0859375  0.99609375 0.0859375  0.06640625
 0.08984375 0.59375   ]
[0.99609375 0.10546875 0.0859375  0.99609375 0.1015625  0.07421875
 0.1015625  0.609375  ]
[0.99609375 0.140625   0.12109375 0.99609375 0.1328125  0.11328125
 0.1328125  0.578125  ]
[0.99609375 0.1640625  0.1328125  0.99609375 0.15625    0.1328125
 0.15625    0.578125  ]
[0.99609375 0.171875   0.15625    0.99609375 0.171875   0.1484375
 0.171875   0.5625    ]
[0.99609375 0.19140625 0.1640625  0.99609375 0.203125   0.171875
 0.19140625 0.53125   ]
[0.99609375 0.203125   0.19140625 0.99609375 0.203125   0.171875
 0.203125   0.546875  ]
[0.99609375 0.05859375 0.046875   0.99609375 0.046875   0.03125
 0.05078125 0.63671875]
[0.99609375 0.01953125 0.015625   0.99609375 0.015625   0.0078125
 0.01953125 0.6640625 ]
[0.99609375 0.12109375 0.11328125 0.99609375 0.1484375  0.1015625
 0.1328125  0.63671875]
[0.99609375 0.546875   0.546875   0.99609375 0.59375    0.578125
 0.5625     0.53125   ]
[0.99609375 0.578125   0.609375   0.99609375 0.63671875 0.62109375
 0.62109375 0.453125  ]
[0.99609375 0.546875   0.546875   0.99609375 0.5625     0.5625
 0.546875   0.4375    ]
[0.99609375 0.5625     0.578125   0.99609375 0.59375    0.59375
 0.578125   0.40625   ]
[0.99609375 0.5        0.5        0.99609375 0.515625   0.515625
 0.515625   0.421875  ]
[0.99609375 0.3359375  0.3203125  0.99609375 0.390625   0.3203125
 0.3359375  0.5       ]
[0.99609375 0.0859375  0.06640625 0.99609375 0.0625     0.05078125
 0.0703125  0.609375  ]
[0.99609375 0.28125    0.28125    0.99609375 0.30859375 0.26953125
 0.29296875 0.5625    ]
[0.99609375 0.34765625 0.3359375  0.99609375 0.36328125 0.3203125
 0.34765625 0.46875   ]
[0.99609375 0.34765625 0.34765625 0.99609375 0.37890625 0.34765625
 0.36328125 0.46875   ]
[0.99609375 0.37890625 0.37890625 0.99609375 0.390625   0.36328125
 0.390625   0.46875   ]
[0.99609375 0.3359375  0.3203125  0.99609375 0.34765625 0.3203125
 0.3359375  0.46875   ]
[0.99609375 0.28125    0.26953125 0.99609375 0.29296875 0.26953125
 0.29296875 0.5       ]
[0.99609375 0.0625     0.05078125 0.99609375 0.046875   0.0390625
 0.0546875  0.63671875]
[0.99609375 0.01953125 0.015625   0.99609375 0.01953125 0.01171875
 0.01953125 0.6640625 ]
[0.99609375 0.125      0.1328125  0.99609375 0.1640625  0.12109375
 0.1484375  0.62109375]
[0.99609375 0.578125   0.578125   0.99609375 0.62109375 0.609375
 0.59375    0.46875   ]
[0.99609375 0.59375    0.62109375 0.99609375 0.65234375 0.63671875
 0.62109375 0.40625   ]
[0.99609375 0.546875   0.546875   0.99609375 0.5625     0.546875
 0.546875   0.421875  ]
[0.99609375 0.609375   0.62109375 0.99609375 0.63671875 0.63671875
 0.62109375 0.40625   ]
[0.99609375 0.515625   0.53125    0.99609375 0.546875   0.53125
 0.53125    0.421875  ]
[0.99609375 0.36328125 0.34765625 0.99609375 0.421875   0.36328125
 0.36328125 0.5       ]
[0.99609375 0.07421875 0.05859375 0.99609375 0.05859375 0.04296875
 0.0625     0.63671875]
[0.99609375 0.1484375  0.1484375  0.99609375 0.15625    0.125
 0.15625    0.62109375]
[0.99609375 0.18359375 0.171875   0.99609375 0.18359375 0.1484375
 0.19140625 0.59375   ]
[0.99609375 0.19140625 0.19140625 0.99609375 0.203125   0.1640625
 0.203125   0.59375   ]
[0.99609375 0.22265625 0.22265625 0.99609375 0.234375   0.19140625
 0.234375   0.578125  ]
[0.99609375 0.24609375 0.234375   0.99609375 0.2578125  0.22265625
 0.2578125  0.5625    ]
[0.99609375 0.22265625 0.2109375  0.99609375 0.22265625 0.18359375
 0.22265625 0.578125  ]
[0.99609375 0.0546875  0.04296875 0.99609375 0.0390625  0.03125
 0.04296875 0.63671875]
[0.99609375 0.0234375  0.015625   0.99609375 0.01953125 0.01171875
 0.01953125 0.65234375]
[0.99609375 0.09375    0.09375    0.99609375 0.125      0.0859375
 0.11328125 0.63671875]
[0.99609375 0.4375     0.4375     0.99609375 0.46875    0.4375
 0.46875    0.5625    ]
[0.99609375 0.453125   0.453125   0.99609375 0.484375   0.453125
 0.46875    0.53125   ]
[0.99609375 0.46875    0.484375   0.99609375 0.515625   0.484375
 0.484375   0.515625  ]
[0.99609375 0.609375   0.62109375 0.99609375 0.63671875 0.63671875
 0.62109375 0.4375    ]
[0.99609375 0.515625   0.53125    0.99609375 0.546875   0.53125
 0.53125    0.421875  ]
[0.99609375 0.390625   0.37890625 0.99609375 0.46875    0.390625
 0.40625    0.484375  ]
[0.99609375 0.125      0.09375    0.99609375 0.09375    0.08203125
 0.10546875 0.62109375]
[0.99609375 0.0546875  0.04296875 0.99609375 0.0546875  0.03515625
 0.05078125 0.63671875]
[0.99609375 0.05078125 0.0390625  0.99609375 0.04296875 0.03125
 0.046875   0.63671875]
[0.99609375 0.0234375  0.01953125 0.99609375 0.0234375  0.01171875
 0.0234375  0.6640625 ]
[0.99609375 0.04296875 0.0390625  0.99609375 0.04296875 0.03125
 0.04296875 0.63671875]
[0.99609375 0.05078125 0.04296875 0.99609375 0.05078125 0.03125
 0.046875   0.62109375]
[0.99609375 0.0390625  0.03125    0.99609375 0.0390625  0.0234375
 0.0390625  0.65234375]
[0.99609375 0.046875   0.0390625  0.99609375 0.04296875 0.03125
 0.04296875 0.63671875]
[0.99609375 0.06640625 0.0546875  0.99609375 0.06640625 0.046875
 0.06640625 0.62109375]
[0.99609375 0.04296875 0.03125    0.99609375 0.03515625 0.0234375
 0.03515625 0.63671875]
[0.99609375 0.0546875  0.046875   0.99609375 0.05859375 0.03515625
 0.0546875  0.609375  ]
[0.99609375 0.05078125 0.046875   0.99609375 0.0546875  0.03125
 0.05078125 0.63671875]
[0.99609375 0.09375    0.1015625  0.99609375 0.11328125 0.08203125
 0.11328125 0.65234375]
[0.99609375 0.3359375  0.3359375  0.99609375 0.34765625 0.30859375
 0.34765625 0.609375  ]
[0.99609375 0.3359375  0.37890625 0.99609375 0.3359375  0.29296875
 0.34765625 0.53125   ]
[0.99609375 0.421875   0.40625    0.99609375 0.5        0.421875
 0.421875   0.46875   ]
[0.99609375 0.15625    0.1328125  0.99609375 0.1328125  0.11328125
 0.140625   0.578125  ]
[0.99609375 0.1640625  0.1640625  0.99609375 0.19140625 0.1484375
 0.18359375 0.59375   ]
[0.99609375 0.1640625  0.140625   0.99609375 0.1484375  0.125
 0.15625    0.578125  ]
[0.99609375 0.0234375  0.015625   0.99609375 0.01953125 0.01171875
 0.01953125 0.6640625 ]
[0.99609375 0.0390625  0.03125    0.99609375 0.0390625  0.0234375
 0.0390625  0.65234375]
[0.99609375 0.0390625  0.03515625 0.99609375 0.03515625 0.0234375
 0.0390625  0.63671875]
[0.99609375 0.02734375 0.01953125 0.99609375 0.0234375  0.015625
 0.0234375  0.65234375]
[0.99609375 0.140625   0.1328125  0.99609375 0.1640625  0.125
 0.1484375  0.62109375]
[0.99609375 0.3203125  0.30859375 0.99609375 0.36328125 0.30859375
 0.34765625 0.515625  ]
[0.99609375 0.11328125 0.08984375 0.99609375 0.08984375 0.07421875
 0.09375    0.609375  ]
[0.99609375 0.05078125 0.04296875 0.99609375 0.04296875 0.03125
 0.04296875 0.62109375]
[0.99609375 0.0390625  0.03125    0.99609375 0.03515625 0.0234375
 0.0390625  0.63671875]
[0.99609375 0.01953125 0.015625   0.99609375 0.015625   0.01171875
 0.01953125 0.6640625 ]
[0.99609375 0.03125    0.02734375 0.99609375 0.03125    0.01953125
 0.03125    0.6640625 ]
[0.99609375 0.1484375  0.18359375 0.99609375 0.171875   0.125
 0.18359375 0.609375  ]
[0.99609375 0.40625    0.40625    0.99609375 0.484375   0.421875
 0.421875   0.46875   ]
[0.99609375 0.30859375 0.26953125 0.99609375 0.26953125 0.2578125
 0.28125    0.515625  ]
[0.99609375 0.28125    0.28125    0.99609375 0.30859375 0.28125
 0.30859375 0.515625  ]
[0.99609375 0.28125    0.2578125  0.99609375 0.2578125  0.234375
 0.26953125 0.515625  ]
[0.99609375 0.1015625  0.08203125 0.99609375 0.08984375 0.0703125
 0.08984375 0.62109375]
[0.99609375 0.07421875 0.05859375 0.99609375 0.06640625 0.05078125
 0.06640625 0.63671875]
[0.99609375 0.06640625 0.05078125 0.99609375 0.0625     0.04296875
 0.05859375 0.63671875]
[0.99609375 0.05859375 0.046875   0.99609375 0.05859375 0.0390625
 0.0546875  0.63671875]
[0.99609375 0.22265625 0.22265625 0.99609375 0.28125    0.22265625
 0.2578125  0.59375   ]
[0.99609375 0.453125   0.46875    0.99609375 0.515625   0.484375
 0.5        0.453125  ]
[0.99609375 0.1640625  0.1328125  0.99609375 0.125      0.10546875
 0.140625   0.609375  ]
[0.99609375 0.02734375 0.0234375  0.99609375 0.02734375 0.015625
 0.0234375  0.65234375]
[0.99609375 0.02734375 0.01953125 0.99609375 0.0234375  0.015625
 0.0234375  0.65234375]
[0.99609375 0.015625   0.01171875 0.99609375 0.015625   0.0078125
 0.015625   0.6640625 ]
[0.99609375 0.02734375 0.01953125 0.99609375 0.02734375 0.015625
 0.02734375 0.6796875 ]
[0.99609375 0.171875   0.203125   0.99609375 0.2109375  0.15625
 0.203125   0.62109375]
[0.99609375 0.34765625 0.40625    0.99609375 0.453125   0.36328125
 0.421875   0.5625    ]
[0.99609375 0.37890625 0.453125   0.99609375 0.46875    0.390625
 0.453125   0.546875  ]
[0.99609375 0.3203125  0.37890625 0.99609375 0.390625   0.3359375
 0.37890625 0.546875  ]
[0.99609375 0.3203125  0.36328125 0.99609375 0.390625   0.3203125
 0.37890625 0.546875  ]
[0.99609375 0.3359375  0.390625   0.99609375 0.40625    0.3359375
 0.390625   0.546875  ]
[0.99609375 0.34765625 0.40625    0.99609375 0.4375     0.36328125
 0.40625    0.546875  ]
[0.99609375 0.34765625 0.40625    0.99609375 0.4375     0.36328125
 0.40625    0.546875  ]
[0.99609375 0.30859375 0.36328125 0.99609375 0.37890625 0.30859375
 0.36328125 0.546875  ]
[0.99609375 0.37890625 0.4375     0.99609375 0.484375   0.421875
 0.453125   0.546875  ]
[0.99609375 0.46875    0.515625   0.99609375 0.546875   0.484375
 0.515625   0.53125   ]
[0.99609375 0.3359375  0.37890625 0.99609375 0.36328125 0.3203125
 0.37890625 0.578125  ]
[0.99609375 0.19140625 0.19140625 0.99609375 0.2109375  0.1640625
 0.2109375  0.59375   ]
[0.99609375 0.1484375  0.1484375  0.99609375 0.171875   0.1328125
 0.171875   0.609375  ]
[0.99609375 0.1484375  0.15625    0.99609375 0.171875   0.1328125
 0.171875   0.609375  ]
[0.99609375 0.24609375 0.28125    0.99609375 0.3203125  0.2578125
 0.30859375 0.59375   ]
[0.99609375 0.34765625 0.421875   0.99609375 0.421875   0.37890625
 0.4375     0.5625    ]
