[0.66015625 0.73046875 0.6875     0.765625   0.69921875 0.66015625
 0.8125     0.78515625 0.80078125 0.6875     0.7109375  0.8359375
 0.8203125  0.69921875 0.921875   0.8125    ]
[0.515625   0.7109375  0.85546875 0.8828125  0.7734375  0.6484375
 0.8203125  0.86328125 0.80078125 0.47265625 0.7109375  0.8515625
 0.8203125  0.5        0.88671875 0.8359375 ]
[0.32421875 0.8359375  0.40234375 0.59765625 0.78515625 0.2265625
 0.5        0.88671875 0.47265625 0.1171875  0.3515625  0.9375
 0.9140625  0.15625    0.58203125 0.5546875 ]
[0.47265625 0.87109375 0.32421875 0.45703125 0.7734375  0.26953125
 0.3515625  0.88671875 0.32421875 0.27734375 0.41796875 0.95703125
 0.9296875  0.32421875 0.47265625 0.41796875]
[0.7734375  0.87109375 0.4453125  0.63671875 0.75390625 0.625
 0.7421875  0.828125   0.73046875 0.7421875  0.6875     0.9140625
 0.92578125 0.7734375  0.90234375 0.78515625]
[0.6875     0.63671875 0.828125   0.88671875 0.765625   0.75390625
 0.86328125 0.7734375  0.84375    0.73046875 0.78515625 0.66015625
 0.7734375  0.765625   0.92578125 0.87109375]
[0.625      0.52734375 0.8359375  0.79296875 0.59765625 0.63671875
 0.79296875 0.6484375  0.765625   0.5546875  0.625      0.5
 0.5703125  0.63671875 0.91796875 0.66015625]
[0.2265625  0.32421875 0.90234375 0.92578125 0.828125   0.54296875
 0.6484375  0.765625   0.59765625 0.1171875  0.515625   0.375
 0.40234375 0.171875   0.80078125 0.92578125]
[0.828125   0.72265625 0.7734375  0.765625   0.6484375  0.75390625
 0.86328125 0.765625   0.8515625  0.8125     0.765625   0.73046875
 0.80078125 0.828125   0.9375     0.8515625 ]
[0.73046875 0.66015625 0.828125   0.8359375  0.69921875 0.78515625
 0.87109375 0.79296875 0.86328125 0.7734375  0.78515625 0.6875
 0.78515625 0.79296875 0.9375     0.765625  ]
[0.67578125 0.66015625 0.88671875 0.93359375 0.8359375  0.7734375
 0.87109375 0.88671875 0.85546875 0.7109375  0.7734375  0.7109375
 0.7734375  0.72265625 0.9296875  0.91796875]
[0.32421875 0.4296875  0.63671875 0.88671875 0.91015625 0.33984375
 0.5703125  0.875      0.5703125  0.15625    0.4296875  0.5703125
 0.625      0.26953125 0.5546875  0.92578125]
[0.75390625 0.828125   0.67578125 0.73046875 0.7421875  0.7421875
 0.80078125 0.87109375 0.80078125 0.72265625 0.73046875 0.87109375
 0.90234375 0.73046875 0.921875   0.765625  ]
[0.73046875 0.7734375  0.79296875 0.80078125 0.765625   0.78515625
 0.8359375  0.875      0.8359375  0.7109375  0.75390625 0.828125
 0.86328125 0.73046875 0.93359375 0.6875    ]
[0.66015625 0.73046875 0.84375    0.9140625  0.80078125 0.79296875
 0.85546875 0.87109375 0.84375    0.6484375  0.79296875 0.80078125
 0.85546875 0.73046875 0.93359375 0.87109375]
[0.5546875  0.41796875 0.85546875 0.89453125 0.5703125  0.625
 0.8125     0.54296875 0.79296875 0.52734375 0.7421875  0.375
 0.52734375 0.73046875 0.90234375 0.8828125 ]
