[ 74  69 111  83]
[75 68 72 75]
[75 68 74 75]
[75 68 78 75]
[76 70 84 75]
[76 71 90 77]
[76 70 91 78]
[76 69 87 77]
[75 68 83 76]
[75 68 82 75]
[75 68 82 75]
[75 68 82 75]
[76 69 82 76]
[77 71 82 78]
[77 71 82 79]
[77 71 82 79]
[77 71 83 79]
[77 72 84 79]
[78 73 86 79]
[78 73 87 80]
[78 72 87 80]
[78 72 86 80]
[77 72 84 79]
[77 71 82 79]
[78 72 79 79]
[78 72 77 79]
[78 73 75 79]
[79 73 72 80]
[80 73 72 82]
[80 74 73 82]
[80 74 74 82]
[80 75 74 84]
[82 75 72 84]
[82 75 70 84]
[80 74 68 84]
[80 72 67 83]
[78 69 67 79]
[76 68 67 76]
[75 67 68 75]
[75 68 67 75]
[76 69 65 76]
[77 68 63 77]
[77 69 62 77]
[77 69 63 77]
[77 68 64 76]
[77 68 65 76]
[77 69 65 76]
[78 70 65 78]
[79 72 66 79]
[79 72 67 80]
[79 71 68 80]
[78 70 69 79]
[78 70 70 79]
[78 72 70 79]
[80 74 69 82]
[82 75 68 83]
[82 75 67 84]
[82 74 68 83]
[80 74 70 83]
[82 75 70 84]
[83 76 68 85]
[84 77 67 86]
[86 80 60 88]
[88 88 91 86]
[98 79 63 85]
[117  80  28  77]
[116  80  31  76]
[113  82  34  76]
[113  85  40  77]
[113  87  46  80]
[115  87  47  84]
[115  86  43  82]
[116  85  39  79]
[116  84  38  78]
[115  83  37  77]
[115  83  37  78]
[115  85  37  79]
[116  87  37  82]
[117  87  37  84]
[117  86  37  83]
[116  87  37  83]
[116  87  39  84]
[116  87  40  85]
[115  88  42  85]
[115  88  42  85]
[116  87  40  85]
[116  87  39  84]
[117  88  37  84]
[118  88  36  84]
[119  88  34  85]
[121  90  32  85]
[122  91  30  86]
[123  91  29  87]
[123  91  30  87]
[122  90  30  87]
[123  92  30  89]
[124  94  29  90]
[126  94  27  90]
[126  92  25  90]
[126  90  24  88]
[123  86  24  84]
[121  84  24  79]
[119  82  25  77]
[121  84  24  77]
[122  85  23  79]
[123  86  22  80]
[124  87  21  80]
[124  86  21  82]
[124  85  23  79]
[123  86  23  79]
[123  86  23  80]
[124  88  23  82]
[124  89  24  84]
[124  89  25  85]
[123  88  25  85]
[122  87  26  84]
[121  87  27  83]
[122  89  27  84]
[124  91  26  87]
[127  94  25  88]
[127  94  26  88]
[126  92  27  88]
[124  92  27  88]
[126  94  27  90]
[128  96  25  92]
[130  97  24  94]
[137 106  20  98]
[123 104  47  90]
[99 79 63 85]
[117  80  28  77]
[116  80  31  76]
[115  83  34  76]
[115  88  42  79]
[116  91  49  86]
[117  92  50  89]
[117  90  47  88]
[117  89  44  85]
[116  87  42  83]
[116  86  40  82]
[116  87  39  82]
[117  89  38  84]
[118  90  38  86]
[119  90  38  87]
[119  90  38  87]
[118  90  39  86]
[118  90  39  86]
[117  90  41  87]
[117  90  42  88]
[117  90  43  88]
[117  90  42  88]
[117  89  40  88]
[117  89  38  87]
[118  89  36  87]
[118  89  35  87]
[119  90  33  87]
[121  90  32  87]
[122  91  31  87]
[122  91  31  88]
[122  91  30  88]
[123  92  29  89]
[124  94  29  90]
[126  95  27  91]
[127  94  25  90]
[127  91  24  88]
[124  87  24  84]
[122  84  24  79]
[119  83  25  78]
[121  84  24  78]
[122  85  23  79]
[123  86  22  80]
[124  87  21  80]
[124  86  21  82]
[124  87  23  79]
[123  87  24  82]
[123  87  24  82]
[123  88  24  82]
[124  89  24  83]
[123  89  25  85]
[123  88  25  85]
[123  87  26  84]
[122  88  26  84]
[123  90  27  85]
[124  92  26  87]
[126  92  27  88]
[124  92  28  88]
[124  91  28  88]
[126  94  27  89]
[128  96  25  91]
[130  98  25  94]
[133 100  24  95]
[140 110  20 100]
[126 106  49  92]
[99 79 62 85]
[117  80  27  76]
[116  80  31  76]
[113  84  36  77]
[113  89  44  82]
[115  94  53  89]
[116  94  56  94]
[116  92  53  92]
[116  90  49  90]
[116  88  45  87]
[116  89  43  86]
[117  90  42  86]
[119  94  41  87]
[121  95  41  89]
[122  95  42  90]
[121  95  42  89]
[121  94  43  88]
[119  94  43  88]
[118  92  44  88]
[117  92  46  89]
[117  91  45  90]
[116  90  43  89]
[117  90  41  89]
[116  89  39  88]
[117  89  37  88]
[117  88  35  87]
[118  89  34  87]
[119  90  33  87]
[119  90  33  87]
[121  90  32  88]
[122  91  30  88]
[123  92  30  89]
[124  94  30  90]
[124  94  29  91]
[126  91  27  89]
[124  89  25  87]
[123  87  25  83]
[121  84  25  79]
[119  83  25  78]
[119  84  25  78]
[122  85  23  79]
[123  86  22  80]
[124  87  21  80]
[126  87  21  82]
[124  88  23  80]
[123  87  24  83]
[123  87  24  83]
[124  88  24  83]
[123  89  25  83]
[123  89  25  85]
[124  89  25  85]
[123  88  25  85]
[123  90  26  85]
[123  91  26  86]
[124  92  27  88]
[124  92  28  88]
[123  91  29  88]
[123  92  29  88]
[126  95  27  90]
[129  98  25  92]
[132 102  25  95]
[134 105  26  96]
[143 116  23 103]
[127 110  55  97]
[99 80 61 86]
[118  82  27  77]
[116  80  30  76]
[113  84  36  77]
[112  89  44  83]
[113  94  54  90]
[113  95  59  96]
[113  94  57  96]
[115  92  50  94]
[116  91  47  90]
[117  91  45  89]
[118  94  45  89]
[121  97  45  91]
[122  98  47  94]
[122  98  49  95]
[121  98  50  94]
[121  97  50  94]
[119  96  50  92]
[118  95  50  91]
[117  94  50  91]
[116  92  48  91]
[117  92  46  90]
[117  92  42  90]
[118  91  39  90]
[118  90  36  89]
[119  90  34  87]
[119  90  33  87]
[119  90  34  87]
[119  90  33  87]
[121  91  32  88]
[122  92  31  88]
[123  92  31  88]
[123  92  31  89]
[123  92  30  90]
[123  90  28  88]
[122  88  26  86]
[121  86  26  83]
[119  84  25  80]
[119  84  25  78]
[119  84  25  78]
[121  84  24  79]
[123  85  23  79]
[123  86  22  80]
[124  87  22  82]
[124  87  23  82]
[123  87  24  83]
[123  87  25  83]
[123  88  25  83]
[123  89  25  83]
[124  90  25  85]
[124  90  25  86]
[124  89  25  85]
[124  90  26  86]
[124  91  26  87]
[124  92  27  88]
[124  92  28  88]
[123  92  29  89]
[124  94  28  90]
[127  96  27  91]
[129  99  26  94]
[133 103  28  96]
[135 109  32  98]
[143 121  30 107]
[127 111  66 103]
[100  80  61  86]
[119  83  27  77]
[116  82  30  76]
[115  85  35  78]
[113  90  44  84]
[113  94  54  91]
[113  95  60  96]
[113  95  57  98]
[116  95  50  96]
[117  94  47  94]
[117  94  47  91]
[118  96  49  92]
[119  99  52  94]
[121 100  56  97]
[121 102  59  98]
[119 100  61 100]
[118  98  59  98]
[118  97  58  97]
[117  96  56  96]
[117  96  54  95]
[117  95  52  94]
[118  95  49  92]
[119  95  45  92]
[121  95  40  92]
[122  94  37  90]
[122  92  34  89]
[121  91  34  88]
[119  90  34  88]
[121  91  33  88]
[121  91  33  88]
[121  91  33  88]
[121  91  33  88]
[121  91  32  89]
[122  90  30  89]
[122  89  28  88]
[121  87  27  85]
[119  85  26  83]
[119  84  25  80]
[119  83  25  79]
[119  84  25  78]
[121  84  24  79]
[122  85  23  79]
[122  86  23  79]
[123  86  23  80]
[123  87  24  82]
[123  87  25  83]
[122  86  25  82]
[122  88  25  83]
[123  89  26  84]
[124  91  26  86]
[126  91  26  87]
[124  90  26  86]
[124  91  26  86]
[124  92  27  87]
[124  92  28  89]
[124  94  28  89]
[126  95  28  91]
[127  95  27  91]
[128  97  27  92]
[129  99  28  94]
[130 104  31  96]
[132 109  39 100]
[138 122  40 111]
[123 110  78 109]
[100  80  62  86]
[119  83  27  77]
[116  83  31  77]
[116  85  34  79]
[113  90  42  84]
[113  92  53  91]
[113  95  58  97]
[115  96  55  98]
[117  96  50  97]
[118  96  48  95]
[118  97  50  94]
[118  97  53  95]
[119 102  58  97]
[118 104  63 102]
[119 105  66 105]
[118 104  66 109]
[118 100  63 105]
[117  99  62 103]
[116  98  61  99]
[116  97  59  97]
[116  97  57  96]
[117  97  54  95]
[119  97  50  95]
[121  97  46  95]
[123  97  41  94]
[123  95  37  91]
[122  94  36  90]
[121  91  34  89]
[121  91  33  89]
[119  91  33  88]
[119  90  33  88]
[119  90  33  88]
[119  90  32  88]
[121  90  31  88]
[122  88  28  87]
[121  86  27  85]
[121  85  26  82]
[119  84  25  79]
[119  83  25  78]
[119  83  25  78]
[121  84  25  78]
[122  85  24  79]
[123  86  23  79]
[123  87  23  80]
[123  87  24  82]
[122  86  25  82]
[121  86  25  82]
[122  88  26  83]
[123  90  26  85]
[126  92  26  88]
[126  92  26  88]
[126  91  27  88]
[124  91  27  87]
[123  92  28  87]
[124  94  27  89]
[127  96  27  91]
[128  97  27  92]
[128  97  27  94]
[128  97  27  92]
[128  98  29  94]
[128 103  34  96]
[127 107  44 102]
[132 123  48 115]
[119 107  87 113]
[99 80 64 86]
[118  84  29  77]
[116  84  32  78]
[117  87  35  79]
[116  91  41  85]
[115  94  50  91]
[115  96  55  96]
[116  97  54  98]
[117  97  50  97]
[118  97  50  96]
[118  98  53  96]
[117  99  57  98]
[118 105  61 100]
[118 109  64 110]
[122 111  62 115]
[122 109  59 117]
[122 106  60 112]
[118 103  63 107]
[117 100  65 103]
[116  99  65 100]
[116  98  64  98]
[117  98  62  97]
[118  99  59  97]
[119  99  54  98]
[122  98  49  97]
[122  97  43  95]
[121  95  39  92]
[121  92  36  90]
[121  91  34  89]
[121  91  34  88]
[119  90  34  87]
[119  90  34  87]
[121  90  33  88]
[121  89  31  88]
[122  88  29  86]
[121  86  27  84]
[121  85  26  82]
[119  84  25  79]
[121  84  25  78]
[121  85  25  78]
[123  88  26  79]
[126  90  26  80]
[127  91  26  82]
[126  91  25  83]
[124  88  25  83]
[123  87  25  83]
[122  87  25  82]
[123  89  25  83]
[124  92  27  86]
[128  97  28  88]
[129  97  29  90]
[127  94  29  90]
[123  91  27  88]
[123  91  27  88]
[124  95  27  89]
[127  96  27  92]
[128  97  27  94]
[128  97  28  94]
[128  97  28  92]
[128  99  30  92]
[128 104  37  96]
[126 109  49 100]
[129 124  52 117]
[118 107  90 116]
[100  84  68  86]
[121  86  32  78]
[118  87  34  80]
[118  89  37  82]
[117  92  41  86]
[116  95  50  91]
[116  97  54  96]
[117  98  54  98]
[118  98  52  98]
[118  98  53  97]
[117  99  56  98]
[118 100  59 100]
[121 111  60 106]
[124 117  58 118]
[130 119  53 122]
[129 116  53 122]
[124 111  58 116]
[119 105  62 110]
[116 102  66 106]
[115  99  68 103]
[115  99  71 100]
[115 100  72  99]
[116 102  69 100]
[117 100  65 102]
[118  99  57 100]
[119  97  49  98]
[119  95  42  95]
[121  94  38  92]
[121  92  36  90]
[121  91  34  89]
[119  90  34  88]
[119  91  34  88]
[121  90  34  88]
[121  89  32  88]
[121  87  30  86]
[121  87  28  83]
[122  87  27  80]
[123  88  27  79]
[126  91  29  79]
[128  96  31  80]
[132 100  34  83]
[133 103  36  86]
[130  99  35  88]
[127  92  31  87]
[123  87  27  85]
[121  85  25  83]
[122  87  25  83]
[123  89  25  84]
[126  92  27  86]
[128  99  33  88]
[129 102  36  94]
[128  98  34  94]
[126  92  27  90]
[123  91  25  88]
[124  95  25  89]
[127  96  27  92]
[126  95  28  92]
[127  95  28  92]
[126  96  29  91]
[126  98  32  92]
[127 103  39  97]
[123 109  53 102]
[128 123  54 118]
[118 107  89 115]
[105  92  79  88]
[124  92  41  83]
[122  91  41  85]
[118  90  40  85]
[118  92  44  87]
[116  95  51  91]
[117  98  58  96]
[117  99  58  99]
[119 100  56  99]
[119 102  57  98]
[118 102  60  99]
[119 105  63 104]
[123 117  60 110]
[130 123  55 124]
[135 122  51 126]
[130 118  53 122]
[124 111  57 116]
[119 105  60 110]
[116 103  65 106]
[113 100  70 104]
[112 102  77 102]
[113 102  82 103]
[115 103  80 104]
[116 103  72 105]
[117 100  62 104]
[118  98  52 100]
[119  96  44  97]
[121  94  40  94]
[119  92  37  91]
[121  91  35  89]
[119  91  35  88]
[119  91  36  89]
[119  90  35  89]
[121  90  33  88]
[122  91  32  86]
[126  94  32  84]
[128  97  34  83]
[130 102  38  83]
[133 105  44  85]
[133 107  50  88]
[130 107  58  91]
[128 104  60  96]
[123  96  51  97]
[121  90  37  92]
[119  87  28  86]
[121  85  25  82]
[121  86  24  82]
[121  87  25  83]
[122  90  29  84]
[123  98  42  87]
[124 103  51  95]
[126  98  44  98]
[128  95  29  92]
[127  95  23  89]
[128  95  22  90]
[127  96  23  94]
[124  94  25  95]
[124  92  26  92]
[123  95  29  90]
[124  98  34  91]
[124 103  43  96]
[119 106  60 102]
[127 121  57 117]
[117 107  89 113]
[107  99  98  96]
[124  98  57  94]
[122  95  52  94]
[118  92  46  88]
[117  92  49  88]
[115  95  56  90]
[115  98  63  95]
[117 102  65  99]
[119 105  65 100]
[121 106  67 100]
[121 105  68 103]
[121 107  68 106]
[124 118  65 113]
[130 121  59 124]
[130 118  58 123]
[126 113  61 118]
[122 109  62 112]
[119 106  61 109]
[118 104  65 105]
[116 103  71 104]
[113 104  83 104]
[112 104  90 105]
[112 104  90 107]
[115 104  78 109]
[117 103  65 107]
[119 102  53 104]
[121  98  47  99]
[121  96  42  95]
[121  94  39  92]
[121  92  36  91]
[121  91  35  89]
[119  92  35  90]
[121  92  35  90]
[123  94  35  88]
[124  96  37  87]
[126  99  44  87]
[127 102  53  89]
[124 103  63  92]
[121 100  72  96]
[113  96  79  99]
[107  91  85 102]
[105  90  77 103]
[107  88  58 102]
[113  86  37  94]
[118  85  26  85]
[119  83  24  79]
[119  84  23  79]
[119  85  24  79]
[118  87  29  82]
[115  94  49  84]
[117  98  67  97]
[117  96  58 103]
[126  98  35  98]
[128  92  22  90]
[128  95  21  89]
[130  97  21  91]
[130  97  21  94]
[128  97  23  91]
[127  98  27  90]
[126 100  36  91]
[124 104  47  96]
[118 106  66 102]
[127 121  60 116]
[117 109  91 113]
[103 102 117 104]
[119 100  73 105]
[119  98  62 100]
[118  95  53  92]
[116  94  55  90]
[115  95  62  92]
[115 100  69  96]
[117 106  78 100]
[119 107  84 104]
[119 109  86 105]
[118 107  85 106]
[118 109  79 109]
[121 116  74 113]
[124 115  69 119]
[124 113  69 117]
[119 109  70 113]
[119 106  68 110]
[118 105  66 107]
[118 105  68 105]
[116 106  76 105]
[113 106  89 106]
[111 105  99 109]
[110 105  97 111]
[115 106  83 111]
[118 105  67 110]
[121 103  56 106]
[121  99  50 102]
[121  97  44  97]
[121  95  40  94]
[122  94  36  92]
[121  94  34  91]
[121  92  34  91]
[121  91  34  91]
[119  90  36  90]
[117  89  43  89]
[112  89  54  91]
[105  87  68  95]
[99 85 78 98]
[94 80 82 99]
[90 77 78 98]
[90 77 73 96]
[96 84 64 96]
[105  86  47  97]
[115  85  33  91]
[118  83  25  83]
[118  82  23  77]
[119  82  23  77]
[119  84  24  77]
[117  85  28  78]
[110  89  50  80]
[109  95  76  92]
[113 102  69 106]
[123  97  40 104]
[130  90  22  90]
[127  94  21  88]
[130  96  20  90]
[134  99  19  92]
[133  99  22  91]
[130 103  26  92]
[127 103  38  95]
[124 105  54  97]
[118 106  74 103]
[127 123  66 117]
[117 107  95 116]
[102  98 117 111]
[117 102  74 113]
[117 100  68 106]
[117  98  62  96]
[116  96  62  94]
[115  98  67  95]
[116 104  78  98]
[113 106  97 103]
[112 106 112 106]
[111 106 113 107]
[112 106 105 109]
[115 109  96 110]
[117 111  87 112]
[118 110  83 115]
[118 109  80 113]
[117 106  77 111]
[116 105  73 109]
[117 105  73 106]
[117 106  76 105]
[116 107  86 106]
[112 106  98 109]
[110 105 106 111]
[109 105 102 113]
[113 106  86 113]
[118 106  70 112]
[119 105  60 109]
[121 102  53 104]
[121  98  47  99]
[121  96  42  96]
[122  96  37  95]
[123  95  34  94]
[122  94  33  92]
[119  91  33  91]
[116  88  35  89]
[110  84  41  87]
[102  80  50  88]
[95 77 57 89]
[92 76 58 90]
[92 75 53 89]
[96 76 47 87]
[100  79  42  85]
[107  87  42  86]
[112  87  36  91]
[118  85  29  88]
[119  82  23  79]
[118  80  23  75]
[118  80  23  75]
[119  83  24  76]
[117  84  27  77]
[110  87  45  78]
[107  95  76  89]
[110 104  79 107]
[126  97  44 107]
[134  94  24  91]
[127  89  22  86]
[124  90  22  84]
[126  92  22  87]
[129  97  24  89]
[129 103  29  92]
[128 106  40  99]
[124 106  58 104]
[117 107  72 113]
[124 121  63 127]
[117 104  87 119]
[100  99 103 110]
[119 103  66 116]
[119 103  71 111]
[117 103  72 102]
[117 102  69  98]
[117 104  74  99]
[113 105  94 102]
[107 104 118 105]
[103 103 135 107]
[103 102 135 109]
[105 104 126 110]
[110 106 113 110]
[111 107 103 111]
[112 106  97 111]
[112 105  92 110]
[113 105  86 110]
[115 105  80 107]
[116 106  82 106]
[115 107  89 106]
[112 107  99 109]
[109 106 107 111]
[107 104 109 113]
[107 104 100 113]
[112 106  87 113]
[117 106  74 112]
[119 105  64 110]
[119 102  56 105]
[121  99  50 100]
[121  97  44  98]
[123  97  39  96]
[123  96  35  94]
[123  94  33  92]
[123  92  31  90]
[121  90  31  88]
[116  86  32  86]
[110  82  34  84]
[106  79  35  83]
[106  78  33  82]
[109  78  31  80]
[111  78  29  78]
[112  79  30  76]
[115  87  33  79]
[116  85  32  87]
[119  84  28  86]
[119  83  23  78]
[119  82  23  75]
[118  80  25  74]
[118  83  25  75]
[117  84  28  76]
[113  87  42  77]
[109  95  74  86]
[111 100  83 107]
[127 100  47 112]
[132  99  26  99]
[129  88  21  89]
[122  86  23  80]
[123  87  24  82]
[124  94  26  86]
[126 100  31  91]
[126 106  42 102]
[119 106  56 109]
[117 110  61 117]
[124 117  51 127]
[118 103  78 113]
[109 106  80 109]
[130 115  50 121]
[124 109  69 118]
[118 106  82 109]
[118 107  83 104]
[117 109  90 104]
[111 105 111 105]
[103 102 132 106]
[ 97 100 144 109]
[ 98  99 145 109]
[ 99 102 140 110]
[103 103 129 110]
[107 105 117 110]
[109 105 109 110]
[110 105 103 110]
[112 105  95 109]
[115 107  90 109]
[113 107  96 106]
[111 107 105 107]
[107 106 113 110]
[106 105 113 112]
[107 104 105 115]
[109 103  96 113]
[111 105  86 112]
[113 105  77 111]
[117 104  68 109]
[118 102  59 105]
[119 100  53 103]
[121  98  47 100]
[121  96  40  97]
[122  94  37  94]
[122  92  34  91]
[123  92  32  89]
[122  90  31  88]
[119  85  29  85]
[116  82  28  80]
[115  79  27  77]
[115  79  26  75]
[116  79  26  74]
[116  79  27  74]
[115  79  29  74]
[117  87  32  78]
[117  85  30  86]
[119  84  27  85]
[118  82  24  77]
[118  80  25  75]
[117  79  26  74]
[117  82  27  74]
[117  84  29  77]
[115  88  42  79]
[109  95  73  86]
[111  99  86 109]
[122 109  51 113]
[128 103  27 109]
[134  88  20  92]
[122  85  23  80]
[122  87  24  82]
[122  90  27  85]
[122  97  33  90]
[124 105  39 100]
[123 111  43 113]
[128 116  40 123]
[132 113  36 126]
[119 102  68 107]
[118 116  66 111]
[143 128  40 126]
[135 121  61 130]
[121 111  88 119]
[116 109  99 111]
[112 107 111 107]
[106 104 127 107]
[100 103 139 109]
[ 99 103 140 112]
[ 98 102 140 113]
[ 98 100 141 112]
[ 99 102 138 111]
[103 103 130 110]
[106 104 122 110]
[109 106 115 110]
[111 107 110 110]
[112 109 107 110]
[110 107 115 109]
[106 105 123 109]
[104 104 123 111]
[105 103 115 112]
[107 103 102 113]
[109 103  91 111]
[111 104  85 110]
[113 105  78 110]
[116 103  70 109]
[117 102  62 106]
[117  99  56 103]
[119  97  48 102]
[119  95  42  97]
[119  92  37  94]
[119  90  36  90]
[119  91  35  89]
[119  88  32  89]
[119  85  29  85]
[117  82  26  79]
[117  80  25  75]
[118  80  25  74]
[117  79  26  74]
[116  78  27  74]
[113  78  30  74]
[117  88  31  78]
[118  87  30  85]
[121  84  27  84]
[118  80  25  76]
[116  77  26  74]
[115  78  27  73]
[115  82  28  74]
[117  84  30  78]
[116  89  42  80]
[109  96  72  86]
[112 103  86 111]
[124 118  48 117]
[134 110  25 118]
[138  92  19  96]
[122  87  23  80]
[122  87  24  80]
[121  88  27  83]
[119  94  32  88]
[126 106  34  99]
[128 115  34 113]
[135 118  31 121]
[134 110  30 116]
[118 100  66  98]
[123 123  58 115]
[152 140  32 135]
[147 135  50 145]
[126 119  84 133]
[113 109 109 118]
[104 105 129 110]
[102 103 139 110]
[100 104 140 112]
[104 107 128 119]
[105 110 118 123]
[104 106 121 123]
[102 103 130 117]
[100 102 137 112]
[103 104 133 110]
[105 105 128 112]
[106 106 124 112]
[107 105 126 111]
[104 104 133 110]
[102 103 135 110]
[102 102 129 111]
[103 102 116 112]
[107 100  99 111]
[109 103  89 109]
[111 103  84 109]
[113 104  78 110]
[115 103  71 109]
[116 102  63 106]
[117 100  56 104]
[119  98  48 102]
[119  96  42  97]
[119  91  39  92]
[117  88  37  88]
[118  91  37  87]
[118  87  33  89]
[118  84  29  85]
[117  80  26  77]
[117  79  25  75]
[117  79  26  75]
[116  78  27  74]
[115  78  27  75]
[113  78  29  74]
[117  88  31  78]
[118  86  30  85]
[119  84  28  84]
[117  78  26  76]
[115  77  25  73]
[115  79  26  73]
[117  84  27  76]
[119  87  29  80]
[119  94  40  84]
[111  99  72  88]
[113 107  87 112]
[126 119  50 121]
[137 111  25 118]
[138  95  20  95]
[122  86  24  80]
[122  86  24  82]
[121  88  27  83]
[122  92  31  87]
[128 109  30  99]
[133 117  29 115]
[141 119  27 119]
[138 111  27 115]
[121 103  62  97]
[123 123  59 113]
[153 144  31 137]
[151 144  46 146]
[133 128  77 139]
[116 111 107 123]
[102 104 134 113]
[ 98 102 143 111]
[102 106 138 115]
[111 118 109 127]
[121 127  83 139]
[121 123  80 140]
[111 111 106 129]
[102 103 133 116]
[ 99 103 140 111]
[100 104 137 112]
[102 104 135 113]
[100 104 138 112]
[ 99 103 141 112]
[ 99 102 140 111]
[100 100 129 112]
[103  99 111 112]
[106  99  95 110]
[107 100  85 107]
[110 103  82 107]
[112 103  76 109]
[115 103  69 109]
[116 102  61 107]
[117  99  53 105]
[119  98  47 102]
[121  96  42  97]
[119  92  39  92]
[118  89  38  88]
[118  91  37  88]
[118  86  33  89]
[118  83  28  85]
[116  79  25  76]
[116  78  26  74]
[115  79  27  74]
[115  78  26  75]
[115  78  26  74]
[113  78  29  73]
[116  86  32  76]
[116  84  31  84]
[117  82  29  83]
[116  77  25  75]
[116  78  25  73]
[117  82  25  73]
[119  85  26  77]
[122  90  28  83]
[121  97  41  86]
[112 102  76  90]
[113 109  95 112]
[121 113  58 119]
[130 104  31 116]
[132  90  22  92]
[119  85  24  80]
[121  86  25  80]
[121  88  27  83]
[123  94  29  88]
[130 110  28  99]
[139 123  26 117]
[147 127  24 124]
[143 116  24 119]
[123 105  58  99]
[118 116  61 110]
[149 135  34 132]
[149 141  48 144]
[135 130  72 144]
[122 118  95 132]
[105 107 122 122]
[100 102 135 116]
[104 109 132 118]
[122 130  91 134]
[141 150  53 153]
[146 146  47 157]
[128 126  80 141]
[107 107 124 121]
[ 98 103 143 111]
[ 99 104 141 111]
[102 105 139 112]
[100 105 140 112]
[ 99 103 143 112]
[ 99 102 139 112]
[102 100 126 113]
[104  98 104 112]
[106  98  86 109]
[109  99  78 106]
[110 102  75 107]
[112 102  71 109]
[115 102  65 109]
[115  99  58 106]
[116  98  50 103]
[117  96  45  99]
[118  94  42  97]
[118  91  40  92]
[117  89  39  88]
[119  92  37  88]
[119  88  33  90]
[119  84  28  84]
[117  80  25  76]
[116  79  26  73]
[116  79  26  74]
[116  79  26  75]
[116  78  26  74]
[115  78  29  72]
[116  85  33  75]
[115  84  33  83]
[117  82  29  82]
[117  79  25  75]
[117  79  24  74]
[117  82  24  75]
[119  85  25  78]
[123  92  29  83]
[122 100  47  86]
[112 103  86  94]
[110 105 106 109]
[116 107  68 119]
[127  99  34 113]
[129  86  21  90]
[121  87  23  82]
[121  86  25  80]
[121  88  26  83]
[124  95  27  89]
[134 113  26 102]
[147 133  24 123]
[157 140  21 134]
[153 128  21 132]
[129 111  53 105]
[115 109  62 106]
[140 123  35 123]
[138 132  53 137]
[132 130  66 144]
[128 129  73 141]
[117 119  88 135]
[107 109 113 124]
[106 110 124 122]
[128 137  84 139]
[154 162  41 161]
[162 160  34 167]
[140 135  67 149]
[112 110 119 124]
[ 98 102 145 111]
[ 97 102 146 110]
[ 99 103 143 112]
[100 104 140 113]
[100 103 140 113]
[100 103 135 113]
[103 102 119 115]
[106  99  95 111]
[110  99  76 106]
[110  99  71 104]
[111 100  69 105]
[113 100  67 106]
[113 100  60 106]
[115  97  53 104]
[116  95  45 100]
[116  92  40  96]
[116  92  40  94]
[117  91  39  91]
[117  89  39  89]
[121  95  37  89]
[122  90  33  91]
[122  86  29  86]
[118  82  26  77]
[116  79  25  74]
[116  78  26  75]
[116  77  26  75]
[115  77  26  73]
[113  77  29  72]
[115  85  34  75]
[115  85  34  83]
[118  84  30  82]
[118  82  25  75]
[119  83  25  74]
[119  86  25  76]
[126  90  25  79]
[128 100  33  83]
[123 105  58  88]
[111 102 104  97]
[105 103 121 107]
[116 111  71 121]
[132 102  32 116]
[138  91  18  94]
[126  90  23  85]
[122  86  25  82]
[121  87  26  83]
[124  95  26  88]
[135 116  25 103]
[152 139  23 130]
[164 151  20 147]
[160 138  19 146]
[133 116  50 112]
[115 106  59 104]
[138 121  32 116]
[137 130  47 132]
[138 135  51 146]
[140 143  49 152]
[134 137  54 150]
[121 119  83 135]
[112 111 109 127]
[128 137  85 139]
[153 161  42 161]
[164 162  33 168]
[143 137  64 151]
[113 110 118 124]
[ 97  99 149 110]
[ 95  99 151 109]
[ 97 102 146 110]
[ 99 103 141 112]
[ 99 103 140 112]
[100 103 132 113]
[104 102 113 115]
[109 100  88 111]
[112  99  72 105]
[113 100  67 103]
[113  99  65 105]
[113  98  62 104]
[115  98  56 103]
[115  95  50 102]
[117  92  40  97]
[118  92  36  92]
[118  92  37  91]
[117  91  38  90]
[117  89  39  89]
[121  95  39  89]
[121  90  36  91]
[121  86  32  87]
[118  82  28  78]
[117  79  26  74]
[116  79  26  74]
[116  78  26  73]
[116  79  26  73]
[116  80  30  72]
[116  89  35  76]
[117  90  37  85]
[123  90  33  84]
[126  91  30  79]
[129  96  30  79]
[132 100  29  83]
[137 107  32  85]
[134 111  47  88]
[121 107  87  92]
[105 100 128 100]
[100 100 132 106]
[121 116  71 124]
[140 107  29 119]
[146  99  17  99]
[128  92  23  89]
[123  87  25  83]
[122  88  25  84]
[126  95  25  87]
[135 117  25 103]
[152 140  23 130]
[164 154  21 152]
[161 143  19 153]
[134 119  49 118]
[116 106  58 104]
[141 124  27 116]
[143 134  37 130]
[150 145  39 149]
[152 154  36 158]
[152 153  35 160]
[138 133  54 145]
[122 118  90 134]
[127 134  85 140]
[151 159  46 159]
[162 161  34 167]
[143 137  62 152]
[113 111 115 127]
[ 97 100 146 111]
[ 96 100 150 110]
[ 97 100 146 111]
[ 98 102 143 112]
[ 98 100 139 112]
[100 102 128 112]
[103 100 109 113]
[107  98  86 110]
[111  98  70 104]
[112  98  66 102]
[113  98  63 103]
[115  97  59 102]
[116  98  53 100]
[116  95  46  99]
[119  92  38  95]
[119  91  35  90]
[119  92  36  89]
[118  91  37  89]
[117  89  39  88]
[118  95  41  88]
[119  90  40  91]
[121  88  36  87]
[119  86  31  79]
[121  86  30  75]
[122  87  30  74]
[124  88  31  74]
[126  91  33  74]
[127  96  38  75]
[127 104  47  79]
[128 106  53  89]
[132 107  53  88]
[134 109  52  86]
[137 112  53  88]
[139 116  53  91]
[138 117  62  95]
[126 111  88  97]
[109 102 124  99]
[ 97  96 146 102]
[ 97  99 139 106]
[122 115  76 124]
[140 106  31 119]
[146 103  19 102]
[126  91  24  90]
[121  87  26  83]
[122  88  25  84]
[126  95  25  86]
[135 115  25 102]
[151 137  24 127]
[160 152  23 152]
[160 143  19 153]
[135 121  47 119]
[115 105  58 104]
[143 122  25 116]
[145 134  32 129]
[154 147  33 150]
[158 157  30 160]
[160 159  27 165]
[150 143  40 151]
[132 126  74 139]
[129 133  80 141]
[147 154  50 156]
[161 161  36 166]
[145 140  57 153]
[117 115 104 132]
[ 99 103 137 116]
[ 97 102 144 112]
[ 97 100 146 111]
[ 97 100 144 111]
[ 97  99 137 111]
[100 100 122 111]
[104  99 103 112]
[109  98  82 107]
[111  97  68 103]
[112  98  65 100]
[113  98  61 102]
[115  97  58 100]
[118  99  53  99]
[119  97  46  98]
[122  95  39  95]
[121  94  37  89]
[121  96  39  89]
[122  95  41  90]
[121  95  44  87]
[122 100  49  88]
[124  99  50  90]
[127 100  49  89]
[129 100  46  83]
[130 103  46  80]
[132 104  50  82]
[132 104  53  82]
[132 105  58  84]
[128 106  69  86]
[124 107  84  91]
[122 106  94  98]
[121 106  97  99]
[121 106  99  99]
[122 107 100 102]
[121 109 104 104]
[113 105 116 104]
[105  99 135 103]
[ 96  94 151 102]
[ 90  92 157 100]
[ 96  99 143 106]
[117 109  87 118]
[138 106  36 117]
[140 102  23 102]
[126  90  24  91]
[121  86  25  83]
[121  87  26  83]
[123  92  27  85]
[132 109  27  99]
[145 133  25 121]
[156 149  23 149]
[160 140  19 152]
[134 121  47 119]
[116 105  57 105]
[143 121  24 115]
[143 132  30 126]
[153 145  32 146]
[158 154  28 159]
[161 158  25 165]
[152 147  33 153]
[137 128  58 144]
[133 130  67 145]
[141 149  50 156]
[158 158  36 166]
[147 143  50 157]
[127 123  83 141]
[109 111 111 127]
[102 105 124 122]
[ 99 100 138 116]
[ 98  99 141 111]
[ 99 100 132 110]
[103 102 115 111]
[106 102  97 111]
[111  99  78 106]
[113  99  69 102]
[116 100  66  99]
[117 102  64 100]
[117 100  64  99]
[121 104  59  98]
[123 105  56  98]
[129 107  51  95]
[129 106  51  90]
[129 107  55  90]
[128 106  60  91]
[127 106  66  90]
[126 109  73  91]
[126 106  78  96]
[124 106  80  96]
[124 105  82  95]
[123 104  87  94]
[119 103  94  95]
[117 100 100  96]
[112  98 109  96]
[107  98 121  96]
[103  97 133  99]
[ 99  96 143 100]
[ 97  96 146 100]
[ 96  95 149 100]
[ 95  95 151 100]
[ 94  94 153 100]
[ 91  94 157 100]
[ 90  92 159 100]
[ 89  91 160 100]
[ 89  91 160 100]
[ 96 100 144 106]
[113 100  94 116]
[133 105  42 115]
[132 102  26 104]
[132  91  23  94]
[122  87  25  83]
[119  86  26  83]
[119  89  29  83]
[127 100  30  95]
[139 127  26 115]
[149 140  23 144]
[157 135  18 149]
[132 118  47 116]
[117 107  54 106]
[145 121  23 116]
[143 129  28 123]
[154 145  29 144]
[161 154  25 158]
[162 154  23 162]
[153 146  29 151]
[140 129  44 144]
[137 130  49 145]
[141 145  41 154]
[157 156  33 162]
[153 147  41 161]
[139 137  60 152]
[124 129  78 140]
[117 116  99 130]
[106 105 128 118]
[ 98  99 141 110]
[100 102 133 109]
[105 104 117 110]
[110 105 102 109]
[115 105  89 105]
[117 105  83 100]
[119 107  82  99]
[119 107  82 100]
[119 106  83  99]
[121 109  85  99]
[122 109  85 100]
[124 109  85 100]
[122 106  87  98]
[121 105  91  98]
[117 103  98  99]
[113 100 105  99]
[109  99 113  99]
[106  96 119 100]
[104  96 123 102]
[102  95 123 102]
[ 99  91 122 103]
[ 96  91 121 106]
[ 94  88 119 105]
[ 94  91 119 107]
[ 91  91 132 105]
[ 91  91 144 104]
[ 89  91 156 102]
[ 88  91 161 100]
[ 88  91 161 100]
[ 88  91 162 100]
[ 88  91 162 100]
[ 88  91 162 100]
[ 88  91 162 100]
[ 88  91 161 100]
[ 88  91 160 100]
[ 95  98 147 105]
[109  98 100 115]
[130 112  44 113]
[133 106  25 112]
[137  94  21  97]
[122  87  25  84]
[119  85  26  82]
[118  87  29  82]
[122  95  30  90]
[133 118  27 106]
[145 133  24 129]
[156 132  19 135]
[130 117  50 110]
[119 111  54 107]
[146 122  22 117]
[145 130  26 123]
[154 146  26 141]
[164 158  23 158]
[165 156  21 162]
[158 147  25 153]
[150 138  29 146]
[151 144  29 151]
[156 153  26 159]
[164 160  25 165]
[160 158  33 165]
[152 152  44 159]
[143 143  61 149]
[128 126  92 133]
[110 106 132 117]
[ 97  99 147 107]
[ 98 100 141 106]
[103 103 130 107]
[107 103 119 107]
[110 104 113 105]
[111 103 111 103]
[111 103 111 103]
[111 103 112 103]
[110 102 115 103]
[107 102 117 104]
[105  97 122 104]
[103  96 123 104]
[ 99  95 124 105]
[ 99  92 122 104]
[ 97  91 122 105]
[ 95  89 122 106]
[ 94  87 113 111]
[ 91  85 106 112]
[ 89  84 103 112]
[ 89  86  99 113]
[ 92  87  89 115]
[ 95  90  82 116]
[ 97  89  78 109]
[ 98 100  85 110]
[ 98  99 103 107]
[ 97  96 127 106]
[ 90  92 154 103]
[ 88  91 162  99]
[ 87  90 164  99]
[ 87  90 164  99]
[ 87  90 164  99]
[ 88  90 164  99]
[ 88  91 162 100]
[ 88  91 161 100]
[ 89  91 160 100]
[ 92  96 151 104]
[111 103 102 116]
[132 124  42 119]
[139 113  23 122]
[140  96  21 100]
[122  87  26  84]
[122  86  27  82]
[121  88  29  82]
[123  94  30  88]
[130 111  27 100]
[139 121  26 119]
[149 123  21 126]
[128 113  51 109]
[121 112  54 110]
[150 123  23 118]
[147 130  28 122]
[156 146  28 135]
[165 159  26 154]
[168 161  23 162]
[168 159  21 159]
[169 160  19 157]
[172 166  17 162]
[176 170  17 168]
[174 170  21 168]
[167 165  31 164]
[157 156  48 154]
[141 138  77 141]
[119 117 116 124]
[102 102 146 111]
[ 92  95 157 104]
[ 94  96 153 104]
[ 96  97 147 105]
[ 98  97 141 105]
[ 98  97 139 104]
[ 98  97 137 105]
[ 98  96 133 106]
[ 98  96 128 107]
[ 97  96 127 109]
[ 97  95 122 111]
[ 95  91 119 111]
[ 96  94 109 113]
[ 92  90 104 116]
[ 97  89  89 112]
[ 95  92  90 113]
[ 96  91  84 111]
[100  96  73 112]
[105  97  64 109]
[107  98  56 109]
[107 102  52 113]
[115 106  39 116]
[124 110  33 122]
[126 110  36 115]
[122 118  50 119]
[118 112  71 115]
[107 104 109 111]
[ 94  95 150 104]
[ 88  90 164  99]
[ 87  90 165  99]
[ 87  90 164  99]
[ 88  90 164  99]
[ 87  90 164  99]
[ 88  91 164 100]
[ 88  91 161 100]
[ 89  91 160 100]
[ 91  92 152 103]
[111 109 103 117]
[132 128  44 126]
[145 118  23 127]
[140  98  23 102]
[123  88  27  85]
[124  89  27  85]
[124  91  28  86]
[127  97  28  92]
[129 106  28  99]
[133 111  29 110]
[141 121  24 117]
[126 112  53 107]
[119 110  56 110]
[147 122  25 119]
[144 126  31 122]
[151 140  34 132]
[157 152  36 146]
[166 161  32 156]
[174 170  25 161]
[183 178  19 168]
[187 183  15 176]
[186 181  17 177]
[178 173  24 172]
[162 158  40 161]
[144 138  70 147]
[119 116 110 129]
[103 102 140 116]
[ 92  95 156 107]
[ 90  92 157 105]
[ 91  94 151 107]
[ 92  95 145 109]
[ 95  96 139 110]
[ 95  96 135 110]
[ 96  97 129 112]
[ 97  97 121 112]
[ 99  99 112 112]
[102 103 105 113]
[106 106  94 118]
[106 104  85 118]
[112 112  68 119]
[116 107  58 123]
[123 107  49 113]
[117 113  50 117]
[123 111  45 115]
[132 117  36 122]
[134 113  31 119]
[137 119  28 118]
[139 118  25 122]
[151 127  18 121]
[151 124  18 123]
[144 127  25 116]
[132 123  39 123]
[126 116  64 117]
[112 105 105 112]
[ 94  95 150 104]
[ 87  90 164  99]
[ 87  90 165  99]
[ 87  90 164  99]
[ 87  90 164  99]
[ 87  91 164  99]
[ 88  91 162 100]
[ 88  91 161 100]
[ 88  91 160 100]
[ 91  92 153 103]
[111 112 105 117]
[129 127  49 128]
[144 117  26 128]
[138 100  25 102]
[126  92  28  88]
[126  95  28  88]
[127  98  28  91]
[132 104  26  99]
[134 112  26 105]
[140 116  25 115]
[146 124  21 119]
[129 115  50 110]
[118 110  54 110]
[144 118  25 118]
[139 122  33 119]
[140 132  42 126]
[144 139  53 137]
[152 149  53 149]
[162 164  41 160]
[176 174  27 172]
[183 181  21 180]
[180 176  23 179]
[168 164  33 170]
[146 143  58 153]
[123 121  96 134]
[105 106 128 118]
[ 96  99 145 111]
[ 92  96 149 109]
[ 92  96 147 107]
[ 95  99 138 110]
[ 97 102 130 111]
[100 104 122 113]
[102 106 115 116]
[106 106 105 118]
[109 106  94 118]
[113 110  85 117]
[118 116  77 122]
[124 122  66 128]
[127 119  55 129]
[139 133  40 130]
[144 127  35 135]
[149 126  32 122]
[140 128  36 128]
[140 123  34 123]
[139 116  31 119]
[135 112  30 112]
[137 122  26 113]
[143 115  23 121]
[152 121  20 116]
[150 122  22 117]
[145 126  27 113]
[137 127  36 123]
[126 117  63 118]
[111 104 104 112]
[ 94  95 149 104]
[ 87  90 164  99]
[ 87  90 164  99]
[ 87  90 165  99]
[ 87  90 164  99]
[ 88  91 162 100]
[ 88  91 162 100]
[ 88  91 161 100]
[ 88  91 160 100]
[ 91  94 153 103]
[109 111 110 115]
[124 121  57 127]
[139 115  32 124]
[134 100  26 103]
[129  98  27  95]
[129  99  27  95]
[130 103  27  98]
[135 109  25 105]
[139 118  23 112]
[146 119  22 121]
[149 127  19 124]
[129 113  48 111]
[119 110  50 109]
[145 121  21 117]
[139 123  29 118]
[135 128  44 122]
[132 124  69 128]
[129 128  85 134]
[138 143  70 145]
[156 158  46 160]
[166 166  33 170]
[165 164  34 169]
[154 153  45 161]
[138 137  68 146]
[121 121  98 132]
[109 110 121 121]
[102 105 133 116]
[100 102 135 113]
[102 104 129 115]
[104 107 118 117]
[107 109 111 118]
[111 112 106 118]
[113 116  98 121]
[119 116  85 126]
[122 113  73 123]
[122 116  71 121]
[123 119  68 124]
[129 126  58 129]
[133 123  49 130]
[144 134  39 130]
[145 128  37 133]
[146 129  37 127]
[135 123  40 130]
[134 116  34 123]
[137 113  31 117]
[138 112  31 111]
[140 121  27 111]
[143 117  25 119]
[144 111  25 113]
[137 115  28 116]
[137 121  32 115]
[139 123  37 122]
[126 117  60 118]
[110 103 103 111]
[ 94  95 149 105]
[ 88  91 162 100]
[ 87  90 164  99]
[ 87  90 164  99]
[ 87  90 164  99]
[ 88  91 162 100]
[ 88  91 161 100]
[ 88  91 159 100]
[ 88  91 159 100]
[ 91  94 153 103]
[105 106 118 112]
[121 119  63 127]
[137 112  32 126]
[137  99  22 110]
[128  99  25 100]
[128  99  25  97]
[130 103  25 100]
[135 109  24 106]
[140 118  22 113]
[145 118  21 118]
[149 127  18 123]
[129 111  47 107]
[119 109  50 106]
[146 121  21 113]
[143 123  28 115]
[135 126  46 117]
[124 119  78 122]
[119 118  99 126]
[126 130  89 134]
[141 146  63 149]
[154 157  45 160]
[157 157  43 161]
[150 147  53 154]
[135 134  73 141]
[121 121  99 132]
[111 112 117 122]
[106 109 124 119]
[104 104 127 116]
[105 107 118 117]
[107 111 110 118]
[111 109 106 119]
[112 111 105 119]
[115 115  94 122]
[122 117  76 128]
[124 115  68 126]
[122 113  67 123]
[122 116  67 122]
[128 122  60 128]
[130 121  52 126]
[140 132  44 127]
[140 128  48 129]
[144 133  45 128]
[138 127  42 129]
[140 118  32 121]
[137 118  33 117]
[134 112  33 112]
[141 121  27 117]
[144 122  25 123]
[141 112  24 115]
[138 116  28 115]
[133 118  34 117]
[138 124  38 122]
[128 118  59 118]
[113 105 103 111]
[ 95  95 149 105]
[ 88  91 162 100]
[ 87  90 164  99]
[ 87  91 164  99]
[ 87  91 164  99]
[ 88  91 162 100]
[ 89  91 160 102]
[ 89  91 156 102]
[ 89  92 156 103]
[ 91  92 152 103]
[100 102 126 109]
[123 121  65 128]
[140 112  27 126]
[145 105  17 111]
[129 100  21 100]
[128  97  22  96]
[129 100  22  98]
[132 105  23 103]
[135 110  23 107]
[143 113  21 111]
[146 122  19 118]
[129 111  47 103]
[115 105  58 104]
[141 116  25 109]
[140 119  33 111]
[133 122  52 113]
[122 117  84 119]
[117 116 104 123]
[121 124  98 129]
[133 139  76 140]
[145 147  60 149]
[147 149  58 151]
[141 138  68 145]
[128 128  87 134]
[116 118 106 127]
[111 112 117 122]
[107 110 121 121]
[106 106 121 118]
[110 110 111 118]
[110 112 103 119]
[112 110 100 121]
[110 110 102 119]
[113 113  91 119]
[122 119  71 128]
[127 119  61 128]
[127 115  58 123]
[122 115  65 119]
[126 118  64 122]
[127 118  59 122]
[135 129  53 124]
[134 128  63 127]
[144 133  57 132]
[143 129  46 132]
[146 123  34 122]
[139 118  36 117]
[137 117  36 113]
[141 126  30 118]
[151 129  23 128]
[151 119  20 119]
[145 129  26 118]
[139 126  34 118]
[141 129  41 121]
[129 122  64 118]
[113 106 107 111]
[ 94  95 150 104]
[ 88  91 164  99]
[ 87  90 164  99]
[ 87  90 164  99]
[ 87  90 164  99]
[ 88  91 162 100]
[ 89  92 159 102]
[ 90  94 152 102]
[ 91  94 150 103]
[ 91  92 149 103]
[ 99 103 127 110]
[127 121  63 129]
[147 112  23 126]
[150 110  16 110]
[132  98  20  97]
[129  96  21  91]
[130  98  21  92]
[132 102  22  96]
[133 103  23 100]
[137 110  23 104]
[140 117  20 113]
[128 107  47 100]
[109  97  60 102]
[132 105  28 105]
[129 110  39 107]
[124 115  60 111]
[118 113  89 117]
[115 113 107 122]
[115 119 107 124]
[123 127  95 132]
[130 133  86 137]
[132 133  85 137]
[127 126  90 134]
[119 118  99 128]
[111 113 110 124]
[110 111 116 121]
[110 111 118 121]
[109 107 117 118]
[111 113 111 119]
[110 111 103 117]
[113 113  99 117]
[115 113  97 119]
[117 117  87 119]
[127 127  68 129]
[134 126  56 130]
[137 121  53 126]
[126 115  64 118]
[124 118  68 121]
[124 116  63 121]
[130 128  61 124]
[124 119  83 124]
[130 121  80 127]
[128 115  66 124]
[138 119  46 119]
[137 121  45 117]
[140 124  45 117]
[150 139  38 121]
[159 137  30 126]
[161 138  29 118]
[149 138  37 117]
[144 133  44 118]
[139 130  56 119]
[127 118  80 117]
[110 105 119 110]
[ 92  94 153 103]
[ 88  90 164  99]
[ 87  90 165  99]
[ 87  90 165  99]
[ 87  90 164  99]
[ 88  90 162  99]
[ 89  92 158 102]
[ 92  95 149 104]
[ 94  94 144 104]
[ 94  95 144 103]
[102 106 123 112]
[126 112  64 127]
[144 106  27 119]
[140 102  20 102]
[127  92  21  90]
[127  91  21  88]
[128  94  21  89]
[129  97  22  92]
[129  97  25  95]
[133 107  23  99]
[137 112  20 109]
[127 105  47  98]
[110  98  59  97]
[132 105  29  97]
[126 111  42 102]
[119 115  64 109]
[116 112  90 116]
[113 112 109 119]
[111 115 115 119]
[113 117 112 123]
[115 116 112 124]
[115 117 111 124]
[113 117 111 123]
[113 113 111 121]
[111 112 113 119]
[109 112 117 118]
[109 110 121 118]
[109 109 119 117]
[109 110 117 118]
[112 109 106 117]
[113 113 104 117]
[117 115  99 122]
[119 117  89 121]
[128 127  73 128]
[135 129  64 129]
[135 122  65 122]
[127 117  76 116]
[123 118  75 119]
[124 119  68 119]
[128 128  69 124]
[116 111  99 119]
[118 107 100 119]
[116 106  84 117]
[128 115  58 112]
[130 121  63 113]
[135 122  70 115]
[139 132  72 118]
[145 126  66 121]
[143 132  68 115]
[134 124  76 113]
[134 122  83 113]
[124 122  96 113]
[115 112 113 111]
[103 102 138 106]
[ 91  92 154 102]
[ 87  89 160 100]
[ 86  89 160 100]
[ 86  89 160 100]
[ 87  89 159 100]
[ 87  89 158 102]
[ 88  90 152 103]
[ 90  91 143 105]
[ 92  92 134 105]
[ 92  92 130 106]
[103 105 104 117]
[121 103  59 124]
[132  98  32 111]
[127  91  26  91]
[124  87  24  83]
[123  87  23  82]
[124  89  23  83]
[124  92  25  86]
[126  94  27  90]
[132 106  25  97]
[138 111  20 105]
[127 106  48  95]
[110  97  59  98]
[132 104  29  98]
[128 111  41 102]
[122 115  61 110]
[116 111  90 116]
[112 109 112 117]
[106 110 126 115]
[106 110 128 117]
[105 107 130 115]
[105 109 132 115]
[107 110 127 116]
[110 111 122 116]
[110 111 124 116]
[107 111 128 115]
[105 106 130 113]
[105 109 132 112]
[105 105 129 112]
[107 107 124 110]
[105 109 128 110]
[109 110 122 112]
[113 116 111 113]
[121 121  99 118]
[126 121  92 119]
[123 116  97 115]
[118 115 105 112]
[122 118  92 118]
[123 121  78 119]
[126 126  76 126]
[113 107 102 119]
[113 104 106 116]
[113 105  88 113]
[124 116  68 111]
[123 115  82 116]
[118 106 109 112]
[110 106 127 110]
[109 103 129 110]
[107 104 133 107]
[106 104 132 110]
[105 103 134 110]
[104 103 137 109]
[ 98  99 144 106]
[ 94  94 149 105]
[ 88  88 149 104]
[ 85  84 141 103]
[ 83  82 135 103]
[ 83  82 133 103]
[ 82  80 132 104]
[ 82  80 127 104]
[ 83  82 122 104]
[ 87  84 111 105]
[ 88  86 105 106]
[ 91  88 100 105]
[106 103  77 115]
[119 103  50 117]
[127  96  33 105]
[122  89  28  89]
[122  87  25  83]
[123  86  23  84]
[124  88  23  84]
[123  90  25  85]
[124  92  28  88]
[129 102  27  95]
[135 107  23 103]
[124 105  53  94]
[103  89  68  92]
[123  97  34  91]
[122 107  44  99]
[121 113  61 110]
[116 110  91 115]
[107 105 121 113]
[100 104 138 110]
[100 104 141 110]
[ 99 103 145 109]
[ 98 103 149 109]
[100 103 145 109]
[102 104 144 109]
[ 99 103 145 109]
[ 99 103 146 109]
[ 99 100 146 109]
[ 99 103 145 109]
[100 100 143 109]
[ 99 100 143 107]
[ 98 100 143 107]
[100 100 139 110]
[104 104 129 113]
[105 104 123 115]
[106 102 121 113]
[103  99 126 111]
[100  99 127 110]
[106 104 112 116]
[111 111  88 121]
[121 121  77 126]
[116 106  92 121]
[112 104 106 116]
[112 104  89 113]
[119 115  74 111]
[113 105  97 112]
[102  95 135 104]
[ 90  92 159 100]
[ 89  91 162 100]
[ 88  91 162 100]
[ 88  91 162  99]
[ 88  91 162  99]
[ 88  91 162  99]
[ 88  91 161 100]
[ 88  90 152 103]
[ 87  84 129 104]
[ 86  78 103 102]
[84 76 87 97]
[83 75 83 96]
[84 76 79 96]
[86 77 76 96]
[91 83 69 99]
[100  95  63 103]
[100  94  62 110]
[104  88  60 105]
[111 102  51 107]
[122 102  42 110]
[128  98  34 104]
[123  90  29  90]
[123  88  25  84]
[123  87  24  83]
[123  89  25  83]
[122  89  26  84]
[122  91  30  86]
[124  97  31  91]
[129 104  26  99]
[119 103  56  92]
[103  88  69  91]
[123  97  34  91]
[123 109  42  99]
[122 115  59 111]
[115 109  92 113]
[104 102 127 110]
[ 96  99 146 107]
[ 94  96 151 107]
[ 92  94 152 106]
[ 90  92 153 106]
[ 90  92 153 106]
[ 91  92 151 107]
[ 90  92 149 107]
[ 90  92 146 109]
[ 89  91 146 107]
[ 90  91 144 107]
[ 89  90 141 107]
[ 89  89 139 107]
[ 88  89 138 107]
[ 88  89 135 107]
[ 90  91 129 109]
[ 91  91 124 109]
[ 91  90 121 107]
[ 90  88 119 106]
[ 89  87 119 105]
[ 94  91 111 106]
[106 111  84 116]
[121 122  71 123]
[121 111  83 121]
[111 105 107 117]
[110 105  91 113]
[117 113  78 111]
[112 104 100 110]
[ 99  95 141 103]
[ 88  91 164  99]
[ 87  90 165  99]
[ 87  90 165  99]
[ 87  90 164  99]
[ 87  90 164  99]
[ 88  90 164  99]
[ 88  91 161 100]
[ 91  92 145 104]
[ 95  87 103 105]
[100  85  64  97]
[103  83  45  90]
[103  82  42  88]
[104  83  40  87]
[106  85  39  88]
[116  96  35  97]
[128 116  31 106]
[127 107  30 122]
[122  91  34 105]
[117  98  39  96]
[122 100  40 100]
[126 102  36 105]
[127  95  29  95]
[126  91  25  87]
[126  90  24  85]
[124  89  25  85]
[123  89  26  85]
[123  91  30  87]
[123  97  32  91]
[129 105  27  99]
[119 104  57  92]
[104  89  68  92]
[124  99  33  92]
[126 110  41 100]
[123 116  58 111]
[115 109  92 113]
[103 100 129 109]
[ 94  96 150 105]
[ 90  91 150 105]
[ 88  89 144 105]
[ 86  88 139 105]
[ 85  86 138 104]
[ 86  87 134 104]
[ 87  88 129 104]
[ 89  89 127 104]
[ 89  90 124 104]
[ 89  90 122 104]
[ 88  87 116 105]
[ 88  86 107 104]
[ 90  89 105 103]
[ 94  94 106 104]
[ 99  97 106 105]
[102 100 103 105]
[104 102  99 105]
[104  99  96 104]
[102  96  94 102]
[104  98  91 102]
[116 117  72 116]
[124 119  67 121]
[123 115  84 118]
[106 103 107 116]
[107 103  90 112]
[115 107  76 110]
[110 102 102 109]
[ 97  94 143 103]
[ 87  90 164  99]
[ 87  90 165  99]
[ 87  90 164  99]
[ 87  90 164  99]
[ 87  90 164  99]
[ 87  91 164  99]
[ 88  91 160 100]
[ 94  94 140 105]
[103  89  90 105]
[111  88  50  95]
[117  85  31  85]
[117  85  29  83]
[116  84  29  82]
[118  86  29  83]
[130 105  25  98]
[144 129  20 113]
[147 122  19 133]
[135 100  24 109]
[121  96  35  89]
[123 103  40  96]
[123 103  39 106]
[130  99  30 100]
[128  94  27  90]
[127  92  26  88]
[126  92  25  87]
[124  91  26  87]
[126  95  29  88]
[127  99  32  95]
[132 106  27 103]
[121 104  56  96]
[105  91  67  94]
[126  99  33  95]
[126 109  41 100]
[123 115  58 110]
[115 109  91 112]
[103 100 129 109]
[ 94  96 150 105]
[ 92  94 138 107]
[ 95  94 117 107]
[ 97  94 102 106]
[ 97  92  97 107]
[ 97  92  91 109]
[ 98  94  84 110]
[100  95  83 110]
[102  95  86 110]
[102  95  85 109]
[100  92  77 106]
[103  91  68 102]
[105  96  68 102]
[106  98  73 106]
[109  99  78 111]
[110 100  76 115]
[110 100  76 113]
[110  99  73 112]
[109  97  74 106]
[109  98  77 103]
[116 109  70 111]
[117 109  74 115]
[113 106  89 113]
[103  98 102 112]
[107  97  83 110]
[113 105  73 105]
[106 100 103 105]
[ 96  92 144 102]
[ 87  90 164  99]
[ 87  90 165  99]
[ 87  91 164 100]
[ 88  91 164  99]
[ 88  91 164  99]
[ 88  91 164  99]
[ 89  91 160 100]
[ 94  94 140 105]
[103  89  89 105]
[112  88  47  96]
[119  84  29  85]
[119  86  26  83]
[119  85  25  83]
[121  88  25  83]
[133 106  23  99]
[146 129  17 117]
[152 123  15 134]
[139 102  21 109]
[121  95  34  87]
[124 105  41  95]
[124 104  40 107]
[133 103  31 105]
[129  98  28  95]
[130  96  26  95]
[129  97  25  92]
[128  96  24  94]
[128  97  28  91]
[127 102  32  98]
[132 107  27 104]
[121 104  57  96]
[106  94  66  95]
[127  99  32  96]
[126 107  41  99]
[122 115  60 107]
[115 109  94 111]
[103 100 132 107]
[ 95  96 149 105]
[ 97  96 127 109]
[104  99  95 109]
[110 100  76 107]
[110  99  71 106]
[110 100  66 105]
[112 100  58 104]
[111  98  60 104]
[109  97  66 103]
[109  95  67 103]
[110  94  59 102]
[113  95  51  97]
[113  98  53  96]
[111  97  61 102]
[107  96  68 104]
[104  96  67 105]
[104  95  67 105]
[104  94  67 103]
[104  94  69  99]
[106  96  74  98]
[109 100  76 104]
[107  97  80 105]
[105  96  88 105]
[102  94  88 107]
[107  95  69 107]
[112 104  68 103]
[107  99  99 103]
[ 97  94 143 102]
[ 88  91 162 100]
[ 87  91 165 100]
[ 88  91 164 100]
[ 88  91 164  99]
[ 87  91 165  99]
[ 87  90 165  99]
[ 88  91 161 100]
[ 94  92 140 105]
[103  90  88 104]
[112  88  45  96]
[121  87  27  85]
[122  88  24  84]
[124  89  23  85]
[124  91  24  85]
[132 103  23  96]
[141 119  19 107]
[144 110  18 117]
[134  97  22  99]
[118  91  35  86]
[124 106  40  96]
[126 106  40 110]
[134 105  32 110]
[130 102  28 100]
[133 100  25 100]
[133 103  23  99]
[133 100  23  98]
[129 100  27  95]
[128 104  31 100]
[134 110  26 106]
[122 105  57  97]
[107  95  65  96]
[130 100  32  96]
[126 109  42  99]
[121 111  65 106]
[112 106 100 110]
[100  99 137 106]
[ 95  96 149 105]
[ 99  97 121 110]
[107 100  85 110]
[116 103  65 107]
[117 102  58 109]
[119 104  52 109]
[122 104  46 106]
[121 100  47 105]
[116  98  53 102]
[115  97  56 100]
[113  95  53  99]
[117  96  47  96]
[118 100  48  96]
[117  98  52 102]
[115  97  53 104]
[113  97  47 104]
[113  96  47 102]
[112  95  50 100]
[111  94  56  97]
[110  96  68  97]
[107  92  72 100]
[106  94  73 100]
[105  92  74 103]
[106  91  67 104]
[110  96  55 104]
[113 103  60 100]
[107  99  97 103]
[ 97  92 141 102]
[ 88  91 162 100]
[ 87  91 165 100]
[ 87  90 164 100]
[ 87  90 165  99]
[ 87  90 165  99]
[ 87  90 165  99]
[ 88  91 161 100]
[ 94  94 140 105]
[103  90  87 105]
[113  89  44  97]
[122  87  25  85]
[122  87  24  84]
[123  88  23  84]
[124  91  24  85]
[129  97  24  91]
[134 103  22  98]
[133  96  21 100]
[128  91  24  91]
[119  92  33  86]
[124 107  40  96]
[127 107  39 111]
[134 107  32 111]
[133 106  26 104]
[138 107  23 105]
[139 109  21 104]
[138 106  22 103]
[133 104  25  98]
[130 105  29 103]
[134 107  26 106]
[121 104  57  97]
[107  95  64  97]
[129 102  32  97]
[124 106  42 102]
[118 109  67 106]
[109 103 106 107]
[ 97  97 143 105]
[ 94  96 150 105]
[100  97 118 110]
[110 102  79 109]
[117 104  59 107]
[117 103  56 107]
[118 102  51 105]
[119 100  47 102]
[118  97  47  99]
[115  95  51  96]
[115  96  54  96]
[113  94  53  98]
[116  95  48  95]
[118 100  48  96]
[117  96  49  99]
[117  95  47  99]
[116  92  43  95]
[116  91  43  91]
[113  90  47  91]
[111  90  53  90]
[109  94  66  92]
[110  91  65  99]
[109  96  62  99]
[112  95  54 102]
[116  96  48 103]
[117 102  44 102]
[119 109  54  99]
[111 100  94 103]
[ 98  92 139 102]
[ 88  91 162 100]
[ 87  90 164 100]
[ 87  90 162 100]
[ 87  90 162 100]
[ 87  90 164 100]
[ 87  90 165  99]
[ 88  91 161 100]
[ 94  92 141 105]
[103  90  87 105]
[113  89  44  97]
[122  85  25  84]
[121  85  24  80]
[121  86  24  82]
[123  91  24  84]
[126  92  25  89]
[126  90  26  89]
[124  91  25  90]
[122  90  25  85]
[123  95  31  87]
[126 107  40  96]
[127 106  39 112]
[132 106  32 111]
[134 106  25 104]
[138 109  23 106]
[139 109  23 105]
[138 106  23 104]
[134 105  25  99]
[133 106  29 102]
[135 107  26 106]
[122 105  56  96]
[107  95  66  97]
[128 102  32  96]
[126 109  42 100]
[118 110  68 105]
[107 102 110 106]
[ 96  96 146 104]
[ 94  96 151 105]
[102  98 116 111]
[112 102  76 109]
[119 105  56 106]
[118 103  54 106]
[119 102  51 103]
[121  99  48  99]
[118  96  48  96]
[116  95  50  95]
[115  96  53  95]
[115  95  52  98]
[116  96  49  96]
[119 100  48  96]
[119  97  47 100]
[119  96  43  99]
[119  95  39  95]
[118  94  40  91]
[116  91  43  91]
[115  92  48  91]
[112  94  58  94]
[115  96  57 100]
[117 100  48 103]
[126 103  39 104]
[128 107  39 104]
[127 110  42 103]
[126 116  57 100]
[116 103  96 105]
[102  94 139 103]
[ 88  91 161 100]
[ 87  90 161 100]
[ 88  90 157 102]
[ 88  90 156 100]
[ 87  90 159 100]
[ 87  90 164  99]
[ 88  91 162 100]
[ 94  92 141 105]
[103  90  87 104]
[113  89  43  96]
[122  86  25  83]
[121  85  24  80]
[121  86  24  80]
[122  90  24  84]
[124  91  24  89]
[126  90  24  89]
[127  94  24  90]
[124  91  25  86]
[127  98  30  88]
[127 109  40  97]
[127 105  39 112]
[130 106  32 110]
[134 106  23 104]
[137 107  23 106]
[135 105  24 105]
[133 103  25 105]
[130 102  26  99]
[132 105  28 102]
[135 107  25 106]
[122 105  55  97]
[109  96  63  99]
[132 103  29  99]
[127 111  40 104]
[119 110  67 106]
[107 102 110 107]
[ 95  95 147 104]
[ 92  95 152 104]
[102  97 117 110]
[111  99  77 107]
[118 104  56 105]
[117  99  53 105]
[117  96  52 102]
[117  95  50  97]
[116  94  50  95]
[116  94  51  94]
[116  97  53  94]
[116  96  52  98]
[117  96  50  96]
[118  99  49  96]
[119  97  47 100]
[119  96  42  98]
[121  95  38  94]
[119  95  39  92]
[117  92  41  92]
[117  96  44  91]
[116  97  54  95]
[119  98  51 102]
[123 104  42 104]
[132 110  37 103]
[132 112  44 103]
[128 112  55 104]
[124 116  73 103]
[113 104 106 107]
[100  95 141 103]
[ 89  91 160 100]
[ 89  91 157 102]
[ 90  92 147 103]
[ 91  94 146 102]
[ 89  91 153 100]
[ 88  90 162  99]
[ 88  91 162 100]
[ 94  92 141 105]
[102  89  86 105]
[112  87  42  96]
[121  85  25  83]
[121  84  24  80]
[122  86  24  80]
[124  91  24  84]
[128  94  23  89]
[128  92  24  89]
[126  91  24  89]
[123  89  26  86]
[124  97  31  88]
[126 107  42  98]
[129 106  38 112]
[130 107  30 110]
[137 107  21 104]
[137 106  22 104]
[134 104  24 104]
[132 102  24 103]
[128  99  25  97]
[130 104  28 100]
[133 107  26 104]
[122 105  57  96]
[109  96  62  98]
[129 103  30  98]
[126 109  40 103]
[117 110  68 106]
[107 102 109 107]
[ 95  95 147 104]
[ 91  95 154 103]
[102  98 123 109]
[111 100  84 106]
[119 105  60 103]
[117  99  56 102]
[116  95  54  97]
[113  94  53  94]
[115  94  53  92]
[116  95  54  92]
[116  98  55  95]
[117  98  54  98]
[117  97  53  96]
[118  99  53  95]
[119  97  50  98]
[119  97  45  97]
[121  96  40  92]
[121  96  41  91]
[119  95  42  92]
[121  99  44  92]
[121 100  53  97]
[122  99  51 103]
[122 100  45 103]
[126 104  42 100]
[123 105  54 102]
[117 104  72 106]
[112 107  90 106]
[106 100 116 109]
[ 98  94 144 103]
[ 89  92 159 100]
[ 90  92 152 103]
[ 94  95 140 104]
[ 94  96 139 103]
[ 92  92 149 102]
[ 88  91 161 100]
[ 88  91 162 100]
[ 94  92 141 105]
[103  89  84 105]
[113  88  40  95]
[122  86  24  83]
[121  84  23  79]
[121  85  24  79]
[124  91  24  83]
[127  94  24  89]
[128  92  24  90]
[126  89  24  89]
[122  88  26  85]
[122  96  32  86]
[124 107  44  97]
[128 105  40 111]
[130 106  30 109]
[137 106  20 102]
[137 106  21 103]
[137 105  23 103]
[134 103  23 103]
[132 102  23  97]
[132 105  26 100]
[133 106  25 103]
[121 104  58  96]
[109  95  61  98]
[132 104  29  98]
[127 111  39 103]
[119 110  64 107]
[109 102 107 106]
[ 95  96 147 104]
[ 91  94 158 102]
[100  98 134 106]
[111 105 102 105]
[122 110  77 103]
[123 107  68 102]
[123 105  66  97]
[122 103  65  94]
[122 103  65  94]
[121 104  67  94]
[121 105  69  95]
[122 105  69  97]
[122 104  68  96]
[122 105  68  95]
[123 104  64  97]
[124 105  58  96]
[127 105  53  94]
[127 105  53  94]
[126 105  53  94]
[126 106  53  96]
[122 105  61  98]
[123 102  58 103]
[121 100  51  99]
[122 102  50  97]
[116 102  66  97]
[109 100  84 103]
[106 105  97 104]
[103 100 121 107]
[ 97  94 145 103]
[ 89  92 158 102]
[ 91  94 151 103]
[ 95  98 139 104]
[ 97  97 138 104]
[ 95  94 149 102]
[ 89  91 161 100]
[ 88  91 162 100]
[ 94  94 143 104]
[106  94  87 105]
[118  95  44  95]
[128  92  27  84]
[126  89  25  80]
[124  89  25  80]
[127  95  25  85]
[128  97  25  91]
[129  96  25  91]
[128  94  25  89]
[126  92  27  85]
[124 100  33  87]
[124 106  48  98]
[124  98  42 111]
[123  96  30 106]
[128  95  18  97]
[128  95  19  97]
[129  98  22  99]
[133 102  22 102]
[133 103  23  97]
[133 105  26 100]
[133 106  26 103]
[119 104  58  96]
[110  95  57 102]
[133 104  25 104]
[127 106  34 105]
[121 107  61 106]
[107 100 110 104]
[ 94  95 150 103]
[ 89  92 161 102]
[ 96  96 149 104]
[104 102 129 105]
[112 107 111 104]
[117 107 102 104]
[119 107  98 100]
[119 106  97  98]
[119 106  97  98]
[118 106  99  98]
[117 106 103  99]
[117 105 104 100]
[116 105 103  99]
[117 105 102  99]
[118 106  97 100]
[121 107  91  99]
[123 107  87  98]
[124 109  84  98]
[124 110  82  99]
[124 110  82  99]
[122 109  84 100]
[124 109  76 103]
[126 111  66 100]
[127 110  64  98]
[121 109  75  99]
[115 106  86 105]
[110 109  99 106]
[105 100 121 107]
[ 97  94 146 103]
[ 89  92 158 102]
[ 92  95 152 103]
[ 95  98 145 103]
[ 96  96 144 103]
[ 94  94 153 100]
[ 88  91 161  99]
[ 88  91 162 100]
[ 94  95 146 103]
[109 100 103 104]
[124 107  64  96]
[138 109  44  88]
[138 109  41  85]
[138 110  40  85]
[139 113  39  87]
[141 116  38  91]
[141 115  37  92]
[140 112  38  90]
[138 110  39  88]
[133 112  47  89]
[127 110  61  98]
[119  91  50 106]
[112  83  30  94]
[118  79  15  80]
[119  82  16  79]
[122  90  20  86]
[127  96  22  95]
[130 100  24  96]
[133 105  26 100]
[134 106  25 103]
[119 104  58  96]
[112 100  53 103]
[137 106  21 104]
[133 107  28 102]
[118 105  61 103]
[105  97 112 102]
[ 91  92 150 103]
[ 88  90 160 100]
[ 90  92 158 102]
[ 94  95 152 103]
[ 98  98 146 103]
[100  98 141 104]
[102  97 139 103]
[102  97 139 102]
[102  98 139 102]
[102  98 140 102]
[100  97 143 102]
[ 99  97 144 102]
[ 99  97 143 102]
[100  98 141 102]
[102  98 138 103]
[103  99 134 103]
[105  99 130 103]
[106  99 127 103]
[107 102 121 104]
[109 103 119 104]
[110 104 118 105]
[115 105 110 105]
[118 109  99 104]
[119 109  97 103]
[116 109 103 103]
[113 109 106 105]
[109 109 115 105]
[104 100 130 105]
[ 96  95 149 102]
[ 89  92 158 100]
[ 90  94 157 102]
[ 92  94 153 102]
[ 92  94 153 102]
[ 90  92 158 100]
[ 88  91 162  99]
[ 88  91 162 100]
[ 92  94 153 103]
[104  99 129 104]
[115 105 104 103]
[124 107  88 100]
[127 107  83  98]
[129 110  79  98]
[130 112  78 100]
[133 113  76 103]
[133 113  76 103]
[132 112  76 100]
[130 111  76  99]
[128 112  80  99]
[123 109  89 103]
[117  88  59 104]
[112  76  28  85]
[119  72  13  68]
[118  73  13  67]
[117  78  17  72]
[121  85  21  83]
[124  95  25  89]
[132 104  27  97]
[134 109  26 104]
[122 105  58  97]
[117 106  50 105]
[147 106  18 106]
[141 113  27 100]
[119 106  60 102]
[104  95 107 103]
[ 92  92 140 105]
[ 88  91 150 102]
[ 88  91 156 102]
[ 88  91 160 102]
[ 89  91 160 102]
[ 89  90 156 104]
[ 88  88 149 104]
[ 87  88 146 103]
[ 87  89 152 102]
[ 88  90 160 100]
[ 88  91 164 100]
[ 89  91 162 100]
[ 89  91 162 100]
[ 89  92 161 100]
[ 90  92 159 102]
[ 91  92 157 102]
[ 91  92 153 102]
[ 95  95 143 105]
[ 94  95 135 107]
[ 95  96 135 107]
[ 96  95 140 104]
[ 98  98 141 105]
[102  99 138 105]
[103 100 134 105]
[103 100 134 105]
[103 102 133 106]
[103 100 135 106]
[ 98  97 144 104]
[ 94  94 153 102]
[ 89  91 159 100]
[ 89  91 158 102]
[ 88  90 156 102]
[ 88  90 154 102]
[ 88  90 157 100]
[ 87  90 160 100]
[ 88  91 162 100]
[ 89  92 159 102]
[ 92  94 150 103]
[ 96  96 143 104]
[ 99  97 135 104]
[100  97 133 103]
[100  97 134 102]
[100  98 137 102]
[102  98 137 102]
[102  98 137 102]
[103  98 135 103]
[104  99 133 103]
[104 100 132 103]
[105 100 128 104]
[115  92  83 100]
[119  86  36  80]
[129  78  16  64]
[124  74  13  58]
[122  75  16  64]
[121  83  20  71]
[123  95  26  82]
[132 106  32  92]
[137 111  30 105]
[122 105  63  96]
[117 102  53 103]
[144 104  21 105]
[133 109  32 100]
[122 106  58 104]
[109  97  95 105]
[ 97  96 123 106]
[ 92  94 135 103]
[ 91  94 147 102]
[ 89  92 158 102]
[ 88  91 157 103]
[ 87  87 144 104]
[ 87  84 124 103]
[ 87  85 119  99]
[ 86  87 134  97]
[ 86  89 154  99]
[ 86  90 165  99]
[ 87  90 166  99]
[ 87  90 166  99]
[ 87  91 165 100]
[ 88  91 162 100]
[ 88  91 160 102]
[ 90  91 154 103]
[ 95  99 135 107]
[ 97 100 118 110]
[102 100 121 112]
[ 95  94 140 103]
[ 91  94 154 103]
[ 90  92 156 102]
[ 91  94 154 102]
[ 91  94 154 102]
[ 91  94 154 102]
[ 91  94 154 102]
[ 90  92 156 102]
[ 89  92 158 102]
[ 89  91 157 102]
[ 87  88 149 104]
[ 86  85 139 104]
[ 84  83 130 104]
[ 84  85 135 102]
[ 85  88 146 100]
[ 87  90 158 100]
[ 88  91 160 100]
[ 90  94 154 102]
[ 91  95 150 104]
[ 94  95 145 104]
[ 92  95 147 103]
[ 92  94 151 102]
[ 91  92 156 102]
[ 90  92 158 100]
[ 90  92 159 100]
[ 90  92 159 100]
[ 90  92 157 102]
[ 90  92 158 100]
[ 94  95 153 102]
[109  97 118 102]
[127 103  65  89]
[146 106  32  74]
[150 105  21  68]
[144  99  22  69]
[138 102  27  72]
[135 110  37  82]
[135 115  47  95]
[137 112  41 107]
[119 104  73  97]
[111  95  57  98]
[133 100  26  98]
[128 109  34  99]
[124 107  54 107]
[117 102  82 107]
[103 100 109 109]
[ 98  98 123 104]
[ 95  96 140 103]
[ 90  92 153 102]
[ 90  92 146 105]
[ 92  88 117 106]
[ 96  87  88 103]
[96 87 82 97]
[ 92  88 105  95]
[ 89  90 139  98]
[ 87  90 161  99]
[ 87  90 166  99]
[ 87  90 166  99]
[ 87  91 165 100]
[ 88  91 162 100]
[ 89  92 159 102]
[ 91  94 150 104]
[104 106 115 115]
[110 113  89 122]
[115 109  94 123]
[ 99  97 127 109]
[ 91  94 153 104]
[ 89  91 159 100]
[ 89  92 158 100]
[ 89  91 159 100]
[ 89  91 158 100]
[ 89  92 158 100]
[ 89  92 158 102]
[ 89  92 157 102]
[ 89  90 147 104]
[ 87  84 126 106]
[ 87  79  99 102]
[86 78 85 97]
[86 80 92 95]
[ 86  86 116  96]
[ 87  89 143  99]
[ 89  92 154 103]
[ 91  95 149 105]
[ 92  94 139 107]
[ 94  92 137 105]
[ 91  92 144 103]
[ 90  91 150 102]
[ 89  90 156 102]
[ 87  90 158 100]
[ 87  90 159 100]
[ 88  90 160 100]
[ 88  91 159 100]
[ 89  91 160 100]
[ 89  91 162 100]
[ 96  94 153 102]
[110  98 122 102]
[127 107  85  95]
[141 112  62  89]
[145 112  53  86]
[139 115  59  86]
[133 112  73  92]
[127 111  83 103]
[126 107  61 111]
[115 102  84  97]
[110  96  56  97]
[134 103  24  98]
[133 112  30 103]
[128 109  50 109]
[121 103  76 109]
[106 103 103 107]
[102  99 118 104]
[ 96  96 138 103]
[ 91  94 149 103]
[ 94  94 134 106]
[ 99  89  96 106]
[104  89  66  98]
[105  89  59  91]
[100  90  85  90]
[ 94  91 123  96]
[ 87  90 156  99]
[ 87  90 166  99]
[ 87  90 166  99]
[ 88  91 164 100]
[ 89  92 161 100]
[ 90  94 158 102]
[ 94  96 147 105]
[111 113 104 117]
[118 123  76 124]
[123 117  79 126]
[105 103 118 109]
[ 92  95 150 104]
[ 89  92 158 100]
[ 89  91 158 100]
[ 89  91 158 100]
[ 89  92 157 102]
[ 89  92 156 102]
[ 89  92 156 102]
[ 90  92 152 103]
[ 90  90 132 106]
[ 95  84  91 106]
[98 83 58 97]
[102  83  46  89]
[99 84 53 88]
[96 88 80 90]
[ 91  91 122  97]
[ 90  94 149 102]
[ 94  97 143 105]
[ 97  97 128 109]
[ 96  92 119 105]
[ 91  91 128 105]
[ 89  89 140 102]
[ 88  88 149 100]
[ 87  88 152  99]
[ 87  89 153  99]
[ 88  90 156 100]
[ 89  90 157 100]
[ 88  91 160 100]
[ 87  90 165  99]
[ 87  90 168  99]
[ 89  91 164 100]
[ 97  97 150 103]
[105  99 132 105]
[112 103 117 104]
[112 104 115 104]
[109 102 121 104]
[109 104 116 111]
[115 102  74 116]
[112 100  86 102]
[112  96  54  97]
[137 104  23  98]
[135 113  28 103]
[130 109  47 110]
[122 103  73 109]
[106 102 103 107]
[100  98 118 104]
[ 96  95 135 103]
[ 92  95 144 104]
[ 97  94 122 109]
[105  91  80 106]
[111  92  53  99]
[113  91  44  92]
[106  95  67  92]
[ 99  91 107  95]
[ 89  91 150  99]
[ 87  90 165  99]
[ 87  90 165  99]
[ 88  91 164 100]
[ 88  92 161 100]
[ 90  92 159 102]
[ 95  96 146 105]
[111 115 107 115]
[124 132  79 127]
[128 118  83 124]
[110 105 117 111]
[ 94  96 150 104]
[ 89  92 158 102]
[ 89  92 157 102]
[ 89  92 156 102]
[ 90  92 153 102]
[ 90  92 153 102]
[ 90  92 153 102]
[ 91  92 144 105]
[ 95  89 111 107]
[103  85  65 103]
[109  85  39  90]
[113  84  32  83]
[111  86  37  83]
[105  89  59  85]
[ 97  90 102  92]
[ 91  94 139 100]
[ 96  99 138 107]
[103 100 113 112]
[105 100  97 109]
[102  99  99 111]
[ 97  94 110 109]
[ 95  90 113 110]
[ 94  90 118 109]
[ 92  91 123 109]
[ 91  92 133 107]
[ 91  91 145 104]
[ 88  91 159 102]
[ 87  90 166  99]
[ 86  90 167 100]
[ 86  90 167 100]
[ 87  90 166 100]
[ 88  91 162 102]
[ 91  96 151 105]
[ 96  96 140 109]
[ 97  97 137 109]
[100 102 118 113]
[112 104  71 117]
[112 102  84 104]
[112  97  54  97]
[138 105  23  98]
[137 116  28 103]
[132 111  46 110]
[124 104  73 107]
[105 102 105 106]
[100  98 119 104]
[ 97  96 133 103]
[ 95  97 137 105]
[100  95 112 110]
[109  96  71 105]
[117  96  45 100]
[122  98  38  94]
[113 100  56  95]
[105  94  96  94]
[ 92  92 144  99]
[ 88  90 162 100]
[ 87  90 164 100]
[ 88  91 162 100]
[ 88  91 161 100]
[ 89  92 160 102]
[ 94  95 151 104]
[106 110 124 111]
[115 119 105 118]
[118 111 106 116]
[104 100 133 107]
[ 92  95 152 103]
[ 89  92 157 102]
[ 90  92 154 102]
[ 90  94 152 102]
[ 91  94 151 103]
[ 91  94 151 102]
[ 91  94 150 103]
[ 94  95 135 105]
[100  89  94 107]
[109  86  53  97]
[115  86  33  86]
[118  86  30  82]
[116  86  32  82]
[109  88  49  83]
[100  89  86  88]
[ 91  92 129  98]
[ 95  98 140 105]
[107 104 113 111]
[113 112  92 109]
[118 113  84 112]
[115 111  89 110]
[112 109  89 110]
[110 109  95 109]
[109 109  99 109]
[104 104 113 109]
[ 97  98 137 104]
[ 89  92 158 102]
[ 87  90 166  99]
[ 88  92 165 100]
[ 88  94 164 102]
[ 88  91 164 102]
[ 89  94 162 102]
[ 94  98 150 104]
[ 98 103 138 107]
[100 103 134 109]
[106 105 115 113]
[117 112  69 116]
[115 106  83 104]
[111  96  49 100]
[135 104  19 104]
[135 116  25 107]
[132 111  44 111]
[123 104  75 107]
[106 102 109 105]
[102  98 121 104]
[ 98  97 132 103]
[ 97  98 133 105]
[103  95 106 110]
[112  98  66 105]
[122 100  41 105]
[127 103  36  97]
[121  99  50  97]
[110  97  90  94]
[ 94  94 141  99]
[ 88  91 161 100]
[ 88  91 164 100]
[ 88  91 162 100]
[ 88  92 161 100]
[ 89  92 160 102]
[ 91  94 156 103]
[ 96 100 146 106]
[103 104 134 110]
[104 102 135 109]
[ 97  97 146 104]
[ 91  92 156 102]
[ 90  92 154 102]
[ 91  94 151 103]
[ 91  94 150 103]
[ 92  94 149 103]
[ 92  95 150 103]
[ 92  94 147 103]
[ 96  95 128 106]
[103  88  84 106]
[111  87  47  94]
[118  89  33  84]
[122  91  31  83]
[122  91  33  84]
[116  89  43  84]
[106  92  73  87]
[ 96  94 117  97]
[ 96  97 141 104]
[105 103 127 109]
[113 112 111 109]
[122 118  98 115]
[124 119  94 116]
[127 121  90 116]
[124 119  94 116]
[122 118  99 115]
[113 110 115 111]
[102 100 139 105]
[ 90  92 158 100]
[ 87  90 166  99]
[ 88  94 165 102]
[ 89  92 164 102]
[ 89  92 165 102]
[ 90  94 162 102]
[ 96  99 152 105]
[102 103 143 109]
[102 103 140 109]
[105 104 119 115]
[116 110  71 117]
[116 103  83 106]
[113  98  47  97]
[140 111  17  98]
[139 118  23 103]
[129 110  44 107]
[118 102  80 105]
[103  98 113 104]
[ 99  97 123 104]
[ 97  96 132 103]
[ 98  97 129 106]
[104  95 100 111]
[113 100  62 105]
[121 102  42 106]
[124  97  37  97]
[118  98  52  96]
[106  97  92  92]
[ 94  94 140  99]
[ 88  91 161 100]
[ 88  91 162 100]
[ 88  91 162 100]
[ 88  91 161 100]
[ 89  92 161 100]
[ 89  92 160 102]
[ 91  94 157 103]
[ 92  96 153 104]
[ 92  95 153 103]
[ 92  94 154 103]
[ 90  92 156 102]
[ 91  94 153 102]
[ 91  94 151 103]
[ 92  95 149 103]
[ 92  95 147 103]
[ 92  94 147 103]
[ 92  94 146 104]
[ 97  94 123 106]
[103  87  78 104]
[112  85  44  92]
[118  88  32  86]
[119  90  31  87]
[123  94  32  92]
[118  91  39  90]
[112  96  66  89]
[100  96 109  96]
[ 95  95 144 102]
[ 96  97 147 104]
[ 98  99 143 105]
[103 102 137 107]
[104 102 134 109]
[105 103 133 109]
[104 103 134 109]
[103 102 135 109]
[ 99  98 143 106]
[ 95  95 152 103]
[ 89  91 160 100]
[ 87  90 166  99]
[ 87  91 168  99]
[ 87  91 168 100]
[ 87  91 168 100]
[ 88  91 167 100]
[ 89  94 164 102]
[ 91  95 161 103]
[ 92  94 156 104]
[ 97  97 130 109]
[112 107  74 115]
[115 103  83 105]
[118 102  47 100]
[147 113  17 103]
[143 116  24 104]
[128 103  44 105]
[110  92  82 102]
[ 95  88 111 100]
[ 94  89 121 102]
[ 94  90 126 102]
[ 96  94 121 106]
[104  94  91 111]
[113 100  57 106]
[122 102  39 107]
[126  98  36  98]
[116  98  54  95]
[105  96  91  92]
[ 92  92 138  99]
[ 88  90 158 100]
[ 88  90 160 100]
[ 88  91 160 100]
[ 88  91 160 100]
[ 88  91 161 100]
[ 88  91 161 100]
[ 89  91 160 100]
[ 89  92 160 100]
[ 89  92 159 102]
[ 90  92 158 102]
[ 90  92 156 102]
[ 91  94 153 102]
[ 91  94 151 102]
[ 92  95 149 103]
[ 94  95 146 103]
[ 92  95 146 103]
[ 94  95 144 104]
[ 98  94 118 106]
[105  87  74 103]
[113  86  40  91]
[117  90  31  85]
[121  95  29  90]
[128 103  29  97]
[123 100  36  99]
[117  97  59  94]
[103  96 106  97]
[ 92  94 147 100]
[ 89  91 159 100]
[ 89  91 161 100]
[ 89  91 160 100]
[ 89  91 160 100]
[ 89  91 161  99]
[ 89  91 161  99]
[ 89  91 160 100]
[ 89  91 160 100]
[ 89  91 160 100]
[ 88  90 162  99]
[ 87  90 167  98]
[ 86  89 170  98]
[ 85  90 171  98]
[ 86  90 171  99]
[ 86  89 170  99]
[ 85  89 170  99]
[ 86  89 169  99]
[ 88  91 161 102]
[ 97  97 129 107]
[116 111  68 117]
[118 105  75 107]
[110  97  61  95]
[134 104  26  97]
[130 105  31 100]
[121  96  43 100]
[106  87  64 100]
[ 96  83  82 100]
[ 94  85  89 103]
[ 94  87  95 105]
[ 97  89  92 107]
[105  91  70 112]
[116 100  47 107]
[127 103  32 109]
[128 104  34 102]
[116  95  49  98]
[104  90  78  97]
[ 90  88 116 103]
[ 86  87 138 104]
[ 86  87 145 103]
[ 87  88 149 103]
[ 87  89 151 103]
[ 87  89 153 103]
[ 87  89 154 102]
[ 87  90 156 102]
[ 88  90 157 102]
[ 88  90 157 102]
[ 89  91 156 102]
[ 89  91 154 102]
[ 90  92 153 102]
[ 91  94 152 102]
[ 92  95 149 103]
[ 94  95 145 103]
[ 94  96 144 104]
[ 95  95 141 104]
[ 99  95 117 106]
[106  87  72 103]
[117  90  37  91]
[123  96  27  88]
[128  99  25  96]
[132 110  23 103]
[130 104  28 107]
[122  98  52  97]
[102  96 106  97]
[ 92  92 149 100]
[ 88  91 160 100]
[ 88  90 162  99]
[ 88  90 162  99]
[ 87  90 162  99]
[ 87  90 162  99]
[ 87  90 162  99]
[ 88  90 162  99]
[ 88  91 161 100]
[ 88  91 160 100]
[ 88  90 162  99]
[ 86  90 167  98]
[ 85  89 171  98]
[ 85  89 173  98]
[ 85  89 172  98]
[ 85  89 170  99]
[ 86  89 168  99]
[ 86  89 166 100]
[ 88  91 159 102]
[ 98  97 126 107]
[118 111  63 117]
[119 106  72 107]
[109  96  68  96]
[132 103  32  97]
[129 104  35  99]
[124 100  39  98]
[117  97  45  96]
[112  96  53  96]
[110  97  58  99]
[107  97  60 104]
[109  97  57 109]
[115  96  45 110]
[123 104  36 107]
[130 105  31 105]
[129 105  33 103]
[119  97  43  98]
[106  92  61  96]
[ 96  88  80 100]
[ 89  85  96 102]
[ 86  83 104 103]
[ 85  83 110 104]
[ 85  83 115 104]
[ 84  83 118 104]
[ 84  83 123 104]
[ 84  83 127 104]
[ 84  83 132 103]
[ 85  85 135 103]
[ 86  86 138 103]
[ 87  87 140 103]
[ 87  88 141 103]
[ 89  90 143 103]
[ 91  92 141 104]
[ 92  94 139 105]
[ 94  95 139 105]
[ 94  94 138 105]
[ 99  94 113 107]
[106  87  70 104]
[119  91  37  94]
[124  94  26  89]
[128  98  24  95]
[132 110  21 103]
[134 105  23 107]
[124 102  45  96]
[100  96 103  96]
[ 91  92 149  99]
[ 88  91 160 100]
[ 88  91 161 100]
[ 88  91 162  99]
[ 88  90 162  99]
[ 88  90 162  99]
[ 88  90 162  99]
[ 88  91 161 100]
[ 88  91 160 100]
[ 88  91 160 100]
[ 88  90 162  99]
[ 86  89 168  98]
[ 85  89 172  98]
[ 84  88 174  98]
[ 85  89 172  98]
[ 85  89 168  99]
[ 86  90 162 100]
[ 87  89 158 102]
[ 89  91 151 104]
[ 98  96 117 110]
[118 111  58 118]
[121 106  68 107]
[110  98  71  97]
[133 107  36  99]
[134 111  38 103]
[135 112  37 104]
[135 113  38 104]
[134 115  40 105]
[133 115  44 106]
[132 115  46 107]
[133 115  45 105]
[138 115  40 104]
[138 115  40 100]
[137 112  39 100]
[132 107  40 100]
[128 104  43  98]
[119 100  49  97]
[112  97  54  98]
[109  95  59  99]
[104  94  64  99]
[102  92  68  99]
[99 91 72 99]
[97 89 77 98]
[94 87 82 97]
[91 86 85 97]
[90 84 88 98]
[88 83 92 99]
[ 86  82  95 102]
[ 86  80  98 103]
[ 86  82 102 103]
[ 87  85 106 104]
[ 89  88 112 105]
[ 91  91 117 106]
[ 92  91 121 106]
[ 92  90 119 107]
[ 96  87  96 107]
[104  83  62 103]
[115  88  36  92]
[122  91  26  88]
[128  98  23  92]
[134 109  20  99]
[135 104  21 100]
[124 102  43  92]
[102  94  97  95]
[ 90  90 144  99]
[ 88  90 157 100]
[ 87  90 159 100]
[ 88  90 160 100]
[ 88  90 160 100]
[ 88  91 160 100]
[ 88  90 161 100]
[ 88  91 160 100]
[ 88  91 159 100]
[ 89  91 159 100]
[ 88  90 161  99]
[ 86  89 167  98]
[ 85  88 171  98]
[ 84  88 173  98]
[ 84  88 170  99]
[ 86  89 159 103]
[ 89  90 143 107]
[ 90  89 129 109]
[ 92  90 123 110]
[100  95  98 112]
[119 112  50 118]
[122 107  62 107]
[110 102  78  99]
[133 110  42 103]
[133 113  46 109]
[133 115  47 110]
[134 116  48 110]
[134 117  51 110]
[134 117  54 111]
[134 116  54 113]
[135 116  53 113]
[137 115  53 112]
[134 110  56 110]
[132 110  58 105]
[129 110  58 105]
[129 109  57 103]
[128 107  56 100]
[127 107  55  99]
[127 109  54 100]
[127 107  55 100]
[124 106  56  99]
[122 103  58  98]
[117  99  60  97]
[115  97  60  96]
[112  95  58  95]
[110  94  57  95]
[107  91  57  96]
[105  91  56  96]
[103  91  57  96]
[103  92  61  96]
[103  95  68  98]
[102  96  78 102]
[100  96  87 104]
[ 97  92  90 106]
[ 96  88  85 106]
[ 99  85  67 103]
[105  83  47  96]
[115  86  32  88]
[122  91  25  87]
[128  96  23  91]
[134 103  20  96]
[130  97  24  95]
[118  92  42  90]
[99 86 83 94]
[ 87  85 121  99]
[ 85  85 137 102]
[ 85  86 141 103]
[ 85  87 145 103]
[ 86  87 149 102]
[ 86  88 151 102]
[ 86  88 154 100]
[ 87  89 156 100]
[ 88  90 154 102]
[ 88  90 153 102]
[ 87  89 154 102]
[ 86  88 159 100]
[ 84  87 161 102]
[ 83  85 160 102]
[ 83  85 154 103]
[ 86  88 138 106]
[ 94  92 110 110]
[100  96  88 109]
[103  96  86 111]
[107  97  74 111]
[124 115  40 118]
[126 110  58 106]
[106  99  87  99]
[127 109  50 105]
[127 111  55 112]
[126 112  55 113]
[126 112  58 115]
[126 112  62 115]
[122 111  68 115]
[119 107  73 112]
[118 106  75 110]
[116 106  79 109]
[116 105  82 109]
[116 106  82 109]
[117 107  79 110]
[119 107  76 110]
[122 107  72 109]
[123 107  70 109]
[123 107  68 109]
[123 106  68 109]
[122 104  68 107]
[121 102  68 105]
[119 100  67 104]
[119 100  63 102]
[121 100  58  99]
[123 102  53  99]
[123 100  49  98]
[124 102  46  96]
[124 102  46  95]
[124 104  47  96]
[122 105  53  99]
[118 103  60 104]
[112 100  66 105]
[110  97  62 106]
[110  94  53 104]
[112  90  42  98]
[116  87  34  91]
[119  88  28  85]
[123  91  25  86]
[128  95  23  89]
[129  96  24  90]
[123  90  27  88]
[111  84  39  86]
[97 79 58 88]
[87 77 77 95]
[84 77 90 98]
[83 77 98 99]
[ 82  77 103  99]
[ 82  77 110  99]
[ 82  78 116  99]
[ 82  82 124 100]
[ 84  83 132 102]
[ 85  84 135 102]
[ 85  84 135 100]
[ 85  84 135 100]
[ 84  83 135 100]
[ 83  82 133 102]
[ 83  80 124 103]
[ 83  80 111 104]
[ 90  87  89 107]
[104  95  61 112]
[115 102  48 113]
[115  99  48 115]
[115  99  46 112]
[127 113  30 118]
[124 107  53 106]
[104  96  76 107]
[122 103  39 116]
[121 105  42 122]
[121 106  42 123]
[119 105  44 123]
[117 104  49 123]
[115 104  53 123]
[115 104  54 123]
[115 104  55 123]
[113 104  58 124]
[112 103  60 123]
[112 103  62 123]
[111 103  62 123]
[112 103  62 123]
[112 103  62 122]
[112 102  62 121]
[112 102  62 119]
[111 100  62 118]
[110  99  62 117]
[110  99  61 116]
[111  99  58 115]
[113  99  54 113]
[116  99  51 113]
[118  99  47 113]
[121  98  43 111]
[121  96  42 109]
[119  95  43 106]
[118  96  45 106]
[117  97  47 107]
[115  98  50 111]
[115  98  49 111]
[117  98  43 111]
[121  96  36 106]
[122  94  32  99]
[123  90  29  92]
[124  89  28  87]
[126  90  26  87]
[124  92  25  88]
[124  91  25  88]
[121  87  27  86]
[113  84  31  83]
[107  83  36  82]
[103  83  42  86]
[99 82 47 89]
[96 80 50 90]
[94 78 54 90]
[90 76 59 90]
[88 76 66 91]
[86 77 73 94]
[85 76 79 97]
[ 85  76  83 100]
[ 84  75  82 102]
[ 85  77  79 103]
[ 86  79  77 103]
[ 90  83  74 105]
[ 94  85  68 104]
[ 98  87  59 103]
[106  91  49 102]
[116  98  39 103]
[121 102  34 104]
[123 102  32 105]
[123 104  30 105]
[132 112  22 111]
[123 106  48  99]
[117 121  92  95]
[147 135  58  98]
[145 137  58 102]
[145 138  58 102]
[145 138  59 102]
[143 135  64 103]
[140 134  67 103]
[139 134  68 103]
[138 134  69 104]
[137 133  72 104]
[135 132  74 104]
[135 132  75 104]
[135 132  75 104]
[135 132  75 104]
[134 130  76 104]
[135 130  76 105]
[135 132  75 104]
[137 133  73 104]
[137 133  72 105]
[137 133  71 105]
[138 133  70 104]
[138 132  70 104]
[138 132  68 103]
[139 130  68 100]
[139 129  67  98]
[138 127  68  95]
[135 124  71  92]
[134 126  72  92]
[134 126  73  95]
[135 126  72  97]
[137 127  69  97]
[140 126  63  97]
[143 126  58  92]
[144 123  56  89]
[145 121  55  86]
[144 119  54  84]
[145 121  53  83]
[145 122  50  84]
[145 121  50  82]
[144 118  51  80]
[141 117  52  78]
[141 117  53  77]
[140 118  54  79]
[139 117  55  80]
[138 117  57  80]
[137 117  58  80]
[134 116  61  80]
[132 116  65  80]
[129 116  69  83]
[127 116  74  85]
[124 117  76  86]
[124 118  76  86]
[124 119  74  86]
[127 122  74  88]
[129 122  72  89]
[133 122  68  90]
[137 122  65  91]
[140 123  60  90]
[145 126  56  92]
[147 128  52  94]
[150 130  48  96]
[151 134  46  96]
[158 139  40  97]
[138 123  73  90]
