[240  75  75 247  82  66  75 108]
[250  63  60 254  69  54  66 112]
[250  69  66 254  72  60  72 108]
[251  66  63 254  69  57  69 112]
[251  69  66 254  72  60  72 112]
[250  72  69 254  79  66  75 108]
[251  75  72 254  79  66  79 108]
[251  75  72 254  79  66  79 108]
[251  72  69 254  75  66  75 108]
[251  72  69 254  75  63  75 108]
[251  72  69 254  75  63  75 108]
[251  75  72 254  79  66  79 108]
[251  79  79 254  82  72  82 108]
[251  82  82 254  89  75  86 108]
[251  86  86 254  89  79  89 104]
[251  86  86 254  93  82  93 104]
[251  89  89 254  93  86  93 104]
[251  93  89 254  97  86  97 104]
[250  93  93 254  97  89  97 104]
[250  93  93 254  97  89  97 104]
[250  93  93 254 100  89 100 104]
[250  97  93 254 100  93 100 104]
[250  97  93 254 100  93 100 104]
[250  93  93 254 100  89 100 104]
[250  93  93 254  97  89  97 104]
[250  93  89 254  97  86  97 104]
[251  93  89 254  97  86  97 104]
[251  93  89 254  97  86  97 104]
[251  93  89 254  97  86  97 104]
[251  93  93 254 100  89  97 100]
[252  86  82 255  89  79  89 100]
[244  86  97 251  93  82  93 108]
[250  79  75 253  89  75  79 120]
[255  66  60 255  69  60  69 128]
[255  75  69 255  75  66  75 124]
[255  69  63 255  72  63  69 124]
[255  72  69 255  75  66  72 124]
[255  79  72 255  79  72  79 120]
[255  79  72 255  79  72  79 120]
[255  79  72 255  79  72  79 120]
[255  75  69 255  75  69  75 120]
[255  75  69 255  75  69  75 124]
[255  79  72 255  79  72  79 124]
[255  82  79 255  86  79  86 120]
[255  93  86 255  97  89  93 120]
[255  97  93 255 104  97 100 116]
[255 100 100 255 108 100 104 116]
[255 104 100 255 112 104 108 116]
[255 108 108 255 116 108 112 116]
[255 112 112 255 116 112 116 112]
[255 112 112 255 116 112 116 112]
[255 112 112 255 120 116 116 116]
[255 116 112 255 124 116 120 112]
[255 116 116 255 124 120 120 112]
[255 120 116 255 124 120 120 112]
[255 116 112 255 120 116 120 112]
[255 116 112 255 120 116 120 112]
[255 112 112 255 120 112 116 112]
[255 112 108 255 120 112 116 112]
[255 112 108 255 120 112 116 112]
[255 116 112 255 120 116 116 112]
[255 116 112 255 120 116 116 112]
[255 100  93 255 100  97 100 112]
[253  93 100 255  93  86  97 112]
[250  97  93 253 112  93  97 116]
[255  89  89 255 100  86  97 120]
[255  97  93 255 100  93 100 116]
[255  89  89 255  97  86  93 116]
[255  89  89 255  97  89  93 116]
[255  97  93 255 100  93  97 116]
[255  93  89 255 100  89  97 112]
[255  89  89 255  97  86  93 116]
[255  89  89 255  93  86  89 116]
[255  89  89 255  93  86  93 116]
[255  93  93 255  97  89  97 116]
[255 100 100 255 108 100 104 116]
[255 112 112 255 120 112 116 112]
[255 120 120 255 128 124 124 108]
[255 124 128 255 136 128 132 108]
[255 128 132 255 140 132 136 108]
[255 132 136 255 144 136 140 108]
[255 136 140 255 148 140 140 108]
[255 136 140 255 148 144 144 108]
[255 140 144 255 148 144 144 108]
[255 140 144 255 152 148 148 104]
[255 144 144 255 152 148 148 104]
[255 144 144 255 152 148 148 104]
[255 140 144 255 152 148 148 104]
[255 140 144 255 152 148 148 104]
[255 140 144 255 148 144 144 104]
[255 140 140 255 148 144 144 104]
[255 140 140 255 148 144 144 104]
[255 140 144 255 148 144 144 104]
[255 136 136 255 148 140 140 104]
[255 112 112 255 120 112 116 108]
[253  97 112 255  97  89 104 112]
[251  93  89 253 108  89  93 116]
[255  89  86 255  97  86  93 120]
[255  97  93 255 100  93 100 116]
[255  89  86 255  93  86  93 116]
[255  86  86 255  93  82  89 116]
[255  89  86 255  93  86  93 116]
[255  89  86 255  93  82  89 112]
[255  86  82 255  89  82  86 112]
[255  82  79 255  86  79  82 116]
[255  75  75 255  79  72  79 120]
[255  75  72 255  79  69  79 120]
[255  82  82 255  89  79  86 120]
[255  97 100 255 104  97 104 116]
[255 112 116 255 120 112 120 112]
[255 120 124 255 132 124 128 108]
[255 124 128 255 136 128 132 108]
[255 128 132 255 140 132 132 108]
[255 132 132 255 140 136 136 108]
[255 132 132 255 140 136 136 108]
[255 128 128 255 136 128 132 108]
[255 124 128 255 132 128 132 108]
[255 128 132 255 140 132 136 108]
[255 136 140 255 144 140 144 108]
[255 136 140 255 148 144 144 108]
[255 132 136 255 144 136 140 108]
[255 132 136 255 140 136 136 108]
[255 136 140 255 144 140 140 108]
[255 140 144 255 148 144 144 104]
[255 140 144 255 148 144 144 104]
[255 128 128 255 136 132 132 108]
[255 100  97 255 100  93 100 112]
[254  86  97 255  86  75  89 116]
[252  82  75 254  93  75  79 120]
[255  72  72 255  79  69  79 124]
[255  89  86 255  93  82  89 116]
[255  79  75 255  82  75  82 120]
[255  72  72 255  75  69  75 120]
[255  79  72 255  79  72  79 120]
[255  79  79 255  86  75  82 116]
[255  82  82 255  86  79  86 116]
[255  79  75 255  79  72  79 116]
[255  66  63 255  66  60  66 120]
[255  57  54 255  60  49  57 124]
[255  63  60 255  66  54  63 124]
[255  79  82 255  89  75  86 120]
[255 104 104 255 112 104 108 112]
[255 116 120 255 124 120 120 112]
[255 124 124 255 132 124 128 108]
[255 120 124 255 132 124 128 108]
[255 112 116 255 124 116 120 112]
[255 104 104 255 112 104 108 112]
[255  93  97 255 100  89  97 116]
[255  93  97 255 100  93 100 116]
[255 108 112 255 120 108 116 116]
[255 128 132 255 140 132 136 112]
[255 132 132 255 140 136 136 108]
[255 116 120 255 128 120 124 108]
[255 116 120 255 124 116 120 112]
[255 124 128 255 136 128 132 108]
[255 140 144 255 152 148 148 104]
[255 140 144 255 152 148 148 104]
[255 120 120 255 128 120 124 108]
[255  86  82 255  89  79  86 116]
[254  75  86 255  75  66  79 120]
[253  66  63 255  75  60  66 120]
[255  54  54 255  63  49  60 128]
[255  66  66 255  69  60  69 120]
[255  54  49 255  54  44  54 128]
[255  44  42 255  44  36  44 132]
[255  49  47 255  52  40  49 132]
[255  57  57 255  63  52  63 128]
[255  69  69 255  72  63  72 124]
[255  66  66 255  66  60  66 120]
[255  52  49 255  52  42  52 124]
[255  42  40 255  42  34  42 132]
[255  47  44 255  49  40  49 132]
[255  66  66 255  72  63  69 124]
[255  93  97 255 100  93  97 116]
[255 112 112 255 120 112 116 112]
[255 120 124 255 128 124 124 108]
[255 116 120 255 124 120 120 112]
[255 104 104 255 112 100 108 112]
[255  86  89 255  97  82  93 120]
[255  79  79 255  86  72  82 124]
[255  82  86 255  93  79  86 120]
[255 100 104 255 116 104 108 116]
[255 124 128 255 136 128 132 112]
[255 128 128 255 136 128 132 108]
[255 104 100 255 108 100 108 112]
[255  97  97 255 104  97 100 116]
[255 108 116 255 124 112 116 112]
[255 140 144 255 152 144 144 104]
[255 140 144 255 148 144 144 104]
[255 116 112 255 120 112 116 108]
[255  82  75 255  82  72  79 116]
[254  69  82 255  72  63  75 120]
[254  63  57 255  69  57  60 116]
[255  44  42 255  49  40  47 128]
[255  44  40 255  42  34  42 128]
[255  29  26 255  27  21  27 136]
[255  21  18 255  21  15  21 144]
[255  23  22 255  24  17  23 144]
[255  31  29 255  34  24  32 140]
[255  40  40 255  42  32  42 132]
[255  40  38 255  42  32  42 132]
[255  36  32 255  34  26  34 132]
[255  32  29 255  32  24  32 136]
[255  40  36 255  42  32  40 136]
[255  57  57 255  66  54  63 128]
[255  86  86 255  93  86  89 116]
[255 108 108 255 116 108 112 112]
[255 120 120 255 128 120 124 112]
[255 120 120 255 124 120 120 112]
[255 108 104 255 112 104 108 112]
[255  93  93 255  97  89  93 120]
[255  89  82 255  93  82  89 120]
[255  97  93 255 100  93  97 120]
[255 108 112 255 120 116 116 116]
[255 128 128 255 140 132 132 112]
[255 124 124 255 132 128 128 108]
[255  97  89 255  97  89  97 116]
[255  89  86 255  93  86  89 116]
[255  97 104 255 112 100 104 116]
[255 136 140 255 148 144 144 104]
[255 140 144 255 152 144 148 104]
[255 120 116 255 124 116 120 108]
[255  89  82 255  86  82  86 112]
[254  75  89 255  79  72  82 116]
[254  72  66 255  82  66  69 112]
[255  44  42 255  44  40  44 124]
[255  31  26 255  27  21  27 132]
[255  17  14 255  15  11  16 144]
[255  14  11 255  12   8  12 148]
[255  15  11 255  14  10  14 148]
[255  17  15 255  17  12  17 148]
[255  21  18 255  21  15  21 144]
[255  22  19 255  21  15  22 144]
[255  22  19 255  21  15  22 144]
[255  24  23 255  26  18  24 144]
[255  36  34 255  40  31  38 136]
[255  57  54 255  63  52  60 128]
[255  79  82 255  89  79  86 120]
[255 100 104 255 112 104 108 116]
[255 116 120 255 124 120 120 112]
[255 120 124 255 128 120 124 112]
[255 120 120 255 124 120 120 112]
[254 116 116 255 120 116 120 112]
[254 116 112 255 124 116 120 112]
[255 120 120 255 128 124 124 112]
[255 128 128 255 136 132 132 112]
[254 132 136 255 144 136 136 108]
[254 124 124 255 132 128 132 108]
[255  93  86 255  93  86  93 112]
[255  86  79 255  89  79  86 116]
[255  89  97 255 104  93  97 116]
[255 132 136 255 140 136 136 108]
[255 140 140 255 148 144 148 104]
[255 132 128 255 136 132 132 104]
[255 108 104 255 108 104 108 108]
[254  97 108 255  97  89 100 108]
[255  89  82 255 100  82  89 112]
[255  54  49 255  49  44  52 120]
[255  27  23 255  22  18  24 132]
[255  18  14 255  15  11  16 140]
[255  18  15 255  17  12  16 136]
[255  18  15 255  16  13  16 136]
[255  16  12 255  15  11  15 144]
[255  12  10 255  12   8  12 152]
[255  13  11 255  12   8  12 152]
[255  15  14 255  15  10  15 148]
[255  23  21 255  24  17  23 144]
[255  40  36 255  42  32  40 136]
[255  60  57 255  66  54  63 124]
[255  79  79 255  86  79  82 120]
[255 100 100 255 108 100 104 116]
[255 112 116 255 124 116 120 112]
[255 124 124 255 132 128 128 108]
[255 128 132 255 136 132 132 108]
[254 132 132 255 140 136 136 108]
[254 128 128 255 140 132 136 108]
[254 128 128 255 136 132 132 108]
[254 128 132 255 140 132 132 108]
[254 132 132 255 140 136 136 108]
[255 124 124 255 132 124 128 108]
[255  86  75 255  82  75  86 116]
[255  75  69 255  75  69  72 124]
[255  82  89 255  97  82  89 120]
[255 124 132 255 136 132 132 108]
[255 144 144 255 152 152 152 104]
[255 148 144 255 156 152 152 100]
[255 132 132 255 136 136 132 100]
[254 120 132 255 116 112 120 100]
[255 100  97 255 120 100 104 112]
[255  79  72 255  72  66  75 112]
[255  42  36 255  34  32  38 120]
[255  34  24 255  29  26  29 128]
[255  36  31 255  36  29  36 128]
[255  31  27 255  26  23  29 124]
[255  19  15 255  15  13  16 140]
[255  10   8 255   8   6   9 156]
[255  10   8 255   9   6  10 156]
[255  15  12 255  15  10  15 152]
[255  26  23 255  29  21  27 144]
[255  47  44 255  52  42  49 132]
[255  69  66 255  72  63  72 124]
[255  86  86 255  93  86  89 120]
[255 100 104 255 112 104 108 112]
[255 116 116 255 124 116 120 112]
[255 120 124 255 128 124 124 108]
[255 124 128 255 136 128 132 108]
[254 128 132 255 136 132 136 108]
[254 124 124 255 132 128 132 108]
[255 120 120 255 128 124 124 108]
[255 116 116 255 124 120 124 108]
[255 120 116 255 124 120 124 108]
[255 100  97 255 104  97 104 112]
[255  60  52 255  54  47  57 124]
[255  52  47 255  49  40  49 132]
[255  66  72 255  79  66  72 128]
[255 120 128 255 132 124 128 108]
[255 148 148 255 159 156 156 104]
[255 156 156 255 167 163 163 100]
[255 148 152 255 156 152 152  97]
[255 132 148 255 128 128 132  97]
[255 112 108 255 132 112 116 108]
[255 112 108 255 112 108 112 108]
[255  82  75 255  75  75  75 104]
[255  69  57 255  63  63  63 116]
[255  69  63 255  75  66  69 120]
[255  49  47 255  44  40  47 116]
[255  27  22 255  19  17  22 128]
[255  10   8 255   8   6   8 156]
[255  10   8 255  10   6  10 156]
[255  17  15 255  17  12  17 148]
[255  32  31 255  36  27  34 140]
[255  57  54 255  63  52  60 128]
[255  75  75 255  82  72  79 120]
[255  89  89 255  97  89  93 116]
[255 100  97 255 104 100 104 112]
[255 100 100 255 108 100 104 112]
[255  97  97 255 104  97 104 112]
[255  97  97 255 100  93 100 116]
[255  93  93 255  97  89  97 116]
[255  79  79 255  82  75  82 120]
[255  66  66 255  69  60  69 124]
[255  57  57 255  60  52  63 128]
[255  54  54 255  57  47  60 128]
[255  42  40 255  42  32  42 132]
[255  24  22 255  22  15  23 140]
[255  26  23 255  26  18  24 144]
[255  49  54 255  63  47  57 136]
[255 112 120 255 124 116 120 112]
[255 152 152 255 159 156 156 104]
[255 159 159 255 174 170 167 100]
[255 156 163 255 167 167 163  97]
[255 140 159 255 136 140 144  97]
[254 124 116 255 144 128 124 108]
[255 144 144 255 156 152 148 100]
[255 136 140 255 136 140 136  97]
[255 120 116 255 116 120 112 100]
[255 108 104 255 112 112 108 108]
[255  75  72 255  69  66  72 108]
[255  40  34 255  29  29  32 116]
[255  13  10 255  11   8  11 144]
[255  11   8 255  10   7  10 156]
[255  16  15 255  17  12  17 152]
[255  31  27 255  32  24  32 140]
[255  47  44 255  49  40  49 132]
[255  54  52 255  57  49  57 128]
[255  57  57 255  63  52  63 128]
[255  60  60 255  63  54  63 124]
[255  60  57 255  60  49  63 128]
[255  54  54 255  57  47  57 128]
[255  49  52 255  54  42  52 128]
[255  47  47 255  49  38  49 132]
[255  36  36 255  40  27  38 136]
[255  26  26 255  27  19  27 140]
[255  19  19 255  21  13  19 148]
[255  16  16 255  17  11  17 152]
[255  12  12 255  13   8  13 156]
[255  10   8 255   8   5   9 159]
[255  14  12 255  15  10  14 156]
[255  40  42 255  52  38  47 140]
[255 104 112 255 120 108 116 112]
[255 148 148 255 156 156 152 104]
[255 156 156 255 170 167 163 104]
[255 152 159 255 167 163 159 100]
[255 136 159 255 136 136 144  97]
[254 128 124 255 148 132 128 108]
[255 152 152 255 163 163 159 100]
[255 167 170 255 170 174 167  89]
[255 163 159 255 159 167 156  89]
[255 152 148 255 152 159 148  93]
[255 108 104 255 100 104 104 100]
[255  52  44 255  38  38  44 116]
[255  15  12 255  12  10  14 144]
[255  10   8 255   9   6  10 156]
[255  13  11 255  13   8  13 156]
[255  19  18 255  22  15  21 148]
[255  27  26 255  29  21  27 140]
[255  31  29 255  32  23  31 136]
[255  34  32 255  36  26  34 136]
[255  36  36 255  40  29  38 132]
[255  40  38 255  42  32  40 132]
[255  42  40 255  44  34  42 128]
[255  47  42 255  47  38  44 124]
[255  44  40 255  44  36  44 124]
[255  32  26 255  31  23  29 128]
[255  16  13 255  14  10  14 144]
[255   8   6 255   7   4   7 159]
[255   6   4 255   5   3   5 167]
[255   5   4 255   5   3   5 170]
[255   5   4 255   5   3   5 170]
[255  10   8 255  11   7  10 159]
[255  36  36 255  47  32  40 140]
[255  97 108 255 112 104 108 116]
[255 148 148 255 156 156 152 100]
[255 152 148 255 163 159 156 104]
[255 144 152 255 159 156 152 104]
[254 132 152 255 132 128 136 100]
[254 120 120 255 144 128 128 108]
[255 136 140 255 152 148 144 104]
[255 156 159 255 159 163 159  97]
[255 163 167 255 167 170 167  93]
[255 163 167 255 167 174 167  89]
[255 120 124 255 116 124 120 100]
[255  49  49 255  42  38  47 120]
[255  16  14 255  13  10  15 144]
[255  10   8 255   9   6   9 156]
[255  11   9 255  11   7  11 152]
[255  16  14 255  16  11  16 144]
[255  23  19 255  23  16  22 140]
[255  29  24 255  29  22  27 136]
[255  38  32 255  36  29  34 128]
[255  47  40 255  44  38  44 124]
[255  57  49 255  54  49  54 124]
[255  66  57 255  63  57  63 120]
[255  79  69 255  75  72  75 116]
[255  82  72 255  79  75  79 116]
[255  54  47 255  49  47  52 120]
[255  22  16 255  17  14  18 136]
[255   8   6 255   6   4   7 159]
[255   4   3 255   4   2   4 170]
[255   4   3 255   4   2   4 170]
[255   5   3 255   4   2   4 170]
[255   9   7 255  10   6   9 163]
[255  34  34 255  44  31  38 144]
[255  93 104 255 108  97 104 116]
[255 148 152 255 152 156 152 100]
[255 152 148 255 159 159 156 104]
[255 144 144 255 156 152 148 100]
[254 128 144 255 128 124 132 100]
[254 112 112 255 136 120 120 112]
[255 108 112 255 120 112 116 112]
[255 116 120 255 128 120 120 112]
[255 128 140 255 144 136 136 108]
[255 136 152 255 148 148 148 100]
[255 100 104 255  93  93  97 104]
[255  40  36 255  31  27  34 124]
[255  15  12 255  12   9  13 144]
[255  11   9 255  10   7  11 152]
[255  15  11 255  15  10  15 148]
[255  23  19 255  22  16  22 140]
[255  34  27 255  32  26  32 132]
[255  49  42 255  49  42  47 128]
[255  66  60 255  66  60  66 120]
[255  86  79 255  86  82  86 116]
[255 100  97 255 104 104 104 112]
[255 120 120 255 128 128 124 108]
[255 140 140 255 148 148 144 104]
[255 144 144 255 152 152 148 100]
[255 100  97 255  97  93 100 108]
[255  34  29 255  26  23  29 128]
[255  10   7 255   7   5   8 156]
[255   4   3 255   4   2   4 170]
[255   4   3 255   4   2   4 170]
[255   5   3 255   4   2   4 167]
[255   8   7 255   9   6   8 163]
[255  32  31 255  42  29  36 144]
[255  89 100 255 108  97 104 116]
[255 152 156 255 159 159 156 100]
[255 152 156 255 163 163 159 100]
[255 144 148 255 152 152 148 100]
[254 124 144 255 128 124 132 104]
[254 104 100 255 124 104 108 112]
[255  82  79 255  86  75  82 120]
[255  72  66 255  72  66  69 124]
[255  66  69 255  79  66  72 128]
[255  75  82 255  86  72  82 120]
[255  60  63 255  54  49  60 120]
[255  31  27 255  24  21  27 132]
[255  17  14 255  15  11  16 144]
[255  17  15 255  16  12  16 148]
[255  24  21 255  24  18  24 140]
[255  40  36 255  42  34  40 132]
[255  57  54 255  63  54  60 124]
[255  79  79 255  86  79  82 120]
[255  86  86 255  93  86  89 116]
[255 100 104 255 104 100 104 112]
[255 108 112 255 116 108 112 112]
[255 124 124 255 132 128 128 108]
[255 132 136 255 140 136 136 104]
[255 128 128 255 132 128 132 104]
[255  79  79 255  75  69  79 116]
[255  27  24 255  21  17  24 132]
[255   8   7 255   6   4   8 156]
[255   4   3 255   4   2   4 170]
[255   5   3 255   4   2   4 170]
[255   5   4 255   5   3   5 167]
[255   8   7 255   8   6   8 159]
[255  31  31 255  38  27  34 144]
[255  86  97 255 104  89  97 120]
[255 152 156 255 159 159 159 100]
[255 156 159 255 167 167 159 104]
[255 144 148 255 156 152 152 104]
[254 128 144 255 128 124 136 104]
[254  97  93 255 112  93  97 116]
[255  63  60 255  66  54  66 120]
[255  44  40 255  42  36  42 128]
[255  29  27 255  32  24  31 140]
[255  29  31 255  32  23  32 140]
[255  27  27 255  26  19  27 140]
[255  21  18 255  18  14  19 144]
[255  16  14 255  15  11  15 148]
[255  17  15 255  17  12  17 148]
[255  23  21 255  24  17  23 144]
[255  34  32 255  36  29  36 136]
[255  44  44 255  47  40  47 132]
[255  63  60 255  63  54  63 124]
[255  57  57 255  63  52  60 124]
[255  69  69 255  72  63  69 124]
[255  60  63 255  66  57  66 124]
[255  63  66 255  69  60  69 124]
[255  57  60 255  63  52  63 128]
[255  49  52 255  52  42  54 132]
[255  32  32 255  31  23  32 140]
[255  15  14 255  12   8  14 148]
[255   8   6 255   6   4   7 159]
[255   6   4 255   5   3   5 167]
[255   6   5 255   6   3   6 163]
[255   8   6 255   7   4   7 159]
[255  14  11 255  14   9  13 156]
[255  40  38 255  49  38  42 140]
[255  89 100 255 112  97 104 120]
[255 148 156 255 159 156 156 104]
[255 152 156 255 163 159 156 104]
[255 136 140 255 148 144 144 104]
[253 120 136 255 124 116 128 108]
[253  89  86 255 104  86  89 116]
[255  54  49 255  54  44  54 124]
[255  32  27 255  29  23  29 132]
[255  15  13 255  15  10  15 152]
[255  13  11 255  13   8  13 156]
[255  12  11 255  12   8  12 156]
[255  11  10 255  11   8  11 156]
[255  11  10 255  11   8  11 156]
[255  13  11 255  13   8  12 156]
[255  16  15 255  17  11  16 152]
[255  22  22 255  26  17  23 148]
[255  27  27 255  31  21  29 140]
[255  40  40 255  42  32  42 136]
[255  38  38 255  42  32  40 132]
[255  49  47 255  49  40  47 128]
[255  32  31 255  36  27  34 136]
[255  26  24 255  27  19  26 140]
[255  16  16 255  17  11  17 152]
[255  13  12 255  14   8  13 156]
[255  10  10 255  10   6  10 159]
[255  10   8 255   8   5   8 159]
[255  11   9 255  10   6  10 156]
[255  15  11 255  14  10  14 148]
[255  22  16 255  21  15  19 140]
[255  27  21 255  26  21  24 136]
[255  40  32 255  40  32  36 132]
[255  66  63 255  79  69  72 124]
[255 104 108 255 120 112 112 116]
[255 140 144 255 152 148 148 104]
[255 144 144 255 152 148 148 104]
[255 128 132 255 136 132 132 108]
[253 112 128 255 116 108 120 108]
[253  89  82 255 104  86  89 116]
[255  49  47 255  49  40  49 128]
[255  27  22 255  22  17  23 136]
[255  11   9 255  10   7  10 152]
[255  10   8 255  10   6  10 156]
[255  13  10 255  12   8  11 152]
[255  15  11 255  14   9  13 148]
[255  15  12 255  15  10  15 148]
[255  17  14 255  16  11  15 148]
[255  19  16 255  19  14  18 144]
[255  23  19 255  23  16  22 144]
[255  26  22 255  26  19  24 140]
[255  34  31 255  36  29  34 136]
[255  34  32 255  38  27  36 136]
[255  44  40 255  44  36  42 132]
[255  24  22 255  24  18  24 140]
[255  15  12 255  12   8  13 148]
[255   7   5 255   6   3   6 163]
[255   5   4 255   4   2   4 170]
[255   5   4 255   4   2   5 170]
[255   8   6 255   8   5   8 163]
[255  18  16 255  19  13  18 152]
[255  44  38 255  44  36  44 136]
[255  75  63 255  72  69  72 124]
[255  86  75 255  89  82  86 116]
[255  97  93 255 100 100  97 112]
[255 112 104 255 116 116 112 112]
[255 120 124 255 132 128 128 108]
[255 136 140 255 148 144 144 104]
[255 140 144 255 152 148 144 104]
[255 124 124 255 132 128 128 108]
[252 108 120 255 112 104 116 108]
[253  86  82 254 100  82  89 116]
[255  44  42 255  44  36  47 128]
[255  24  19 255  18  15  21 136]
[255  13  10 255  11   8  11 152]
[255  15  13 255  15  10  15 148]
[255  27  22 255  26  19  26 140]
[255  32  26 255  31  24  31 136]
[255  36  31 255  34  29  34 132]
[255  38  31 255  36  31  36 132]
[255  42  34 255  40  34  40 132]
[255  44  38 255  44  38  44 132]
[255  44  40 255  44  38  44 132]
[255  49  42 255  52  44  49 132]
[255  44  42 255  47  38  47 132]
[255  52  49 255  52  44  52 128]
[255  29  24 255  27  21  27 136]
[255  15  11 255  11   8  13 144]
[255   6   4 255   5   3   5 163]
[255   4   3 255   4   2   4 170]
[255   5   3 255   4   2   4 170]
[255  10   8 255  10   6   9 163]
[255  31  29 255  38  26  34 144]
[255  86  89 255 100  89  97 120]
[255 140 140 255 152 148 144 108]
[255 148 156 255 163 159 159 104]
[255 144 152 255 152 152 152 104]
[255 140 140 255 144 144 140 104]
[255 132 136 255 140 136 136 104]
[255 140 144 255 148 148 144 104]
[255 144 148 255 152 152 148 100]
[255 128 128 255 132 132 132 104]
[253 108 124 255 112 104 116 108]
[253  86  82 255 100  82  86 116]
[255  42  40 255  42  34  42 128]
[255  22  17 255  16  13  18 140]
[255  15  13 255  15  10  15 152]
[255  26  24 255  31  22  29 144]
[255  60  57 255  63  54  63 128]
[255  75  69 255  75  69  75 120]
[255  79  75 255  82  75  79 120]
[255  79  75 255  82  75  82 120]
[255  86  79 255  89  79  86 120]
[255  86  82 255  89  82  89 116]
[255  79  75 255  82  75  82 120]
[255  75  69 255  79  69  75 120]
[255  69  63 255  69  60  66 120]
[255  66  63 255  69  60  66 120]
[255  36  32 255  34  27  34 128]
[255  16  13 255  12  10  14 144]
[255   6   4 255   5   3   6 163]
[255   4   3 255   4   2   4 170]
[255   5   3 255   4   2   4 167]
[255  10   8 255  10   6  10 159]
[255  32  34 255  42  31  38 144]
[255  97 100 255 112 100 108 120]
[255 148 148 255 159 156 152 108]
[255 152 159 255 167 163 159 104]
[255 148 152 255 156 152 152 104]
[255 140 140 255 144 140 140 104]
[255 132 136 255 144 140 140 104]
[255 144 148 255 156 152 152 104]
[255 152 156 255 159 159 156 100]
[255 132 132 255 136 136 136 104]
[253 112 124 255 112 108 116 108]
[253  86  82 255 100  82  86 116]
[255  40  36 255  38  31  40 128]
[255  19  15 255  15  11  16 140]
[255  15  12 255  15  10  14 156]
[255  29  29 255  36  26  32 144]
[255  72  72 255  79  69  75 124]
[255  86  86 255  93  82  89 116]
[255  89  86 255  93  82  89 116]
[255  86  82 255  89  82  89 116]
[255  89  89 255  97  89  93 116]
[255  97  97 255 100  93 100 116]
[255  93  89 255  97  89  93 116]
[255  86  82 255  89  82  86 116]
[255  79  75 255  82  75  82 120]
[255  72  69 255  75  69  75 120]
[255  40  36 255  36  29  38 128]
[255  16  13 255  12   9  14 144]
[255   7   5 255   6   4   6 163]
[255   5   4 255   4   3   5 167]
[255   5   4 255   5   3   5 167]
[255  10   8 255  10   7  10 159]
[255  32  34 255  42  31  38 144]
[255 100 100 255 116 104 108 116]
[255 144 148 255 156 152 152 104]
[255 148 148 255 156 152 152 104]
[255 136 140 255 144 140 144 104]
[255 132 132 255 140 132 136 108]
[255 132 136 255 144 140 140 108]
[255 148 152 255 159 156 152 104]
[255 156 159 255 163 163 159 100]
[255 132 136 255 140 136 136 104]
[253 112 124 255 112 108 120 108]
[253  89  86 255 100  86  89 116]
[255  42  38 255  38  32  40 128]
[255  18  15 255  15  11  15 144]
[255  11   9 255  11   7  11 159]
[255  18  17 255  22  15  21 152]
[255  38  38 255  40  32  40 136]
[255  47  44 255  47  38  49 132]
[255  44  44 255  47  38  47 132]
[255  44  44 255  47  38  47 132]
[255  49  49 255  52  42  52 132]
[255  54  54 255  57  47  57 128]
[255  57  57 255  60  49  60 128]
[255  60  57 255  63  52  63 124]
[255  63  60 255  66  57  66 124]
[255  57  54 255  57  47  57 124]
[255  32  29 255  27  22  31 132]
[255  14  11 255  10   8  11 148]
[255   7   5 255   6   4   6 163]
[255   6   4 255   5   3   5 167]
[255   6   4 255   5   3   5 163]
[255   9   7 255   9   6   9 163]
[255  24  24 255  32  22  29 148]
[255  72  75 255  82  72  82 124]
[255 112 112 255 120 112 120 112]
[255 116 116 255 124 116 120 108]
[255 108 108 255 112 104 112 112]
[255 108 108 255 112 104 108 112]
[255 120 124 255 132 124 124 112]
[255 140 148 255 156 148 152 108]
[255 156 159 255 163 163 159 100]
[255 132 136 255 140 136 136 104]
[253 112 124 255 112 108 120 108]
[253  93  89 255 108  93  93 112]
[255  47  42 255  42  34  44 124]
[255  19  15 255  15  11  16 140]
[255   8   7 255   8   5   8 163]
[255  10   8 255  11   6  10 159]
[255  15  14 255  16  10  15 156]
[255  16  15 255  17  11  17 152]
[255  15  15 255  16  10  16 152]
[255  15  15 255  15  10  15 152]
[255  16  15 255  17  11  17 152]
[255  19  19 255  22  14  21 148]
[255  23  23 255  26  17  24 144]
[255  26  26 255  27  19  27 144]
[255  26  26 255  27  19  27 144]
[255  23  22 255  23  16  24 144]
[255  16  14 255  14  10  15 148]
[255  10   8 255   8   5   8 156]
[255   7   5 255   6   4   6 163]
[255   6   4 255   5   3   5 167]
[255   6   4 255   5   3   5 167]
[255   7   6 255   8   4   7 163]
[255  14  14 255  17  11  15 156]
[255  31  31 255  36  24  34 144]
[255  44  47 255  49  38  49 136]
[255  44  47 255  49  38  49 136]
[255  42  42 255  44  34  44 136]
[255  47  49 255  52  40  52 132]
[255  75  82 255  86  75  82 128]
[255 120 124 255 136 124 128 112]
[255 148 152 255 156 156 156 104]
[255 128 124 255 132 128 128 108]
[253 108 120 255 108 100 112 108]
[253  97  93 255 112  97 100 112]
[255  54  49 255  49  42  52 124]
[255  24  18 255  18  15  19 136]
[255   8   6 255   7   5   8 159]
[255   8   6 255   7   4   7 163]
[255   9   8 255   9   6   8 159]
[255   8   7 255   8   5   8 159]
[255   8   6 255   7   4   7 163]
[255   6   5 255   5   3   6 167]
[255   6   5 255   6   3   6 167]
[255   8   7 255   8   5   8 159]
[255  11  10 255  11   8  11 152]
[255  13  11 255  13   8  12 148]
[255  11  10 255  11   7  11 156]
[255  10   8 255  10   6  10 159]
[255   8   7 255   8   5   8 159]
[255   7   6 255   6   4   7 163]
[255   8   6 255   7   4   7 163]
[255   8   6 255   7   4   7 159]
[255   7   6 255   7   4   7 159]
[255   7   5 255   7   4   6 163]
[255   8   7 255   9   6   8 163]
[255  11  10 255  13   8  12 156]
[255  14  12 255  15   9  14 156]
[255  13  12 255  14   8  13 156]
[255  12  11 255  13   8  12 156]
[255  14  14 255  15  10  15 156]
[255  24  26 255  29  21  29 148]
[255  54  54 255  63  49  60 132]
[255  86  86 255  89  79  89 120]
[255  86  86 255  86  75  86 120]
[253  82  97 255  82  72  89 116]
[253 100  97 255 120 100 104 112]
[255  66  60 255  60  54  66 120]
[255  32  24 255  24  21  27 132]
[255  11   8 255   9   6  10 152]
[255  10   8 255   9   6   9 156]
[255  14  11 255  14   9  13 152]
[255  13  10 255  11   8  12 148]
[255   8   6 255   7   5   7 156]
[255   5   3 255   4   2   4 170]
[255   5   3 255   4   2   4 170]
[255   8   6 255   7   4   7 163]
[255  10   8 255  10   6  10 156]
[255  11   9 255  10   7  10 152]
[255   8   6 255   7   4   7 159]
[255   6   4 255   5   3   6 167]
[255   6   4 255   5   3   6 167]
[255   7   5 255   6   4   6 163]
[255  12  10 255  11   8  11 156]
[255  17  14 255  17  12  17 148]
[255  16  11 255  14  10  15 144]
[255  11   8 255   9   6   9 156]
[255   9   7 255   8   5   8 159]
[255  10   8 255   9   6   9 156]
[255  10   8 255   9   6   9 152]
[255   8   6 255   7   4   7 159]
[255   6   5 255   6   3   6 163]
[255   6   5 255   6   3   6 167]
[255   8   8 255  10   6   8 163]
[255  15  16 255  19  11  18 156]
[255  27  29 255  32  21  31 144]
[255  40  40 255  44  32  42 136]
[254  57  69 255  60  47  63 128]
[253 104 100 255 124 104 108 112]
[255  72  69 255  72  63  72 120]
[255  38  32 255  32  27  34 128]
[255  15  11 255  12   8  13 148]
[255  16  14 255  16  11  15 152]
[255  27  24 255  31  22  29 144]
[255  26  22 255  24  18  26 136]
[255  14  10 255  10   8  11 148]
[255   5   4 255   4   3   5 167]
[255   5   3 255   4   2   4 170]
[255   7   6 255   7   4   7 167]
[255  10   8 255  10   6  10 159]
[255  10   9 255   9   6  10 156]
[255   8   6 255   6   4   7 159]
[255   6   4 255   5   3   5 167]
[255   6   5 255   6   3   6 163]
[255  10   8 255   8   6   8 159]
[255  22  19 255  24  17  23 148]
[255  44  40 255  49  38  47 132]
[255  40  32 255  36  31  38 128]
[255  19  15 255  15  12  16 144]
[255  11   8 255  10   7  11 156]
[255  12   9 255  11   7  11 152]
[255  13  10 255  11   8  11 148]
[255  10   8 255   8   6   9 152]
[255   7   5 255   6   4   6 159]
[255   5   4 255   4   3   5 167]
[255   4   3 255   4   2   4 170]
[255   6   5 255   6   3   6 170]
[255   8   7 255   8   5   8 163]
[255  19  16 255  19  13  18 152]
[254  38  47 255  44  32  47 136]
[253 108 104 255 128 108 108 112]
[255  72  72 255  72  66  75 120]
[255  40  34 255  34  29  36 128]
[255  16  13 255  15  10  15 148]
[255  23  21 255  24  17  23 148]
[255  42  42 255  49  38  47 136]
[255  42  36 255  38  32  40 128]
[255  18  14 255  14  11  15 140]
[255   6   4 255   5   3   5 163]
[255   5   3 255   4   2   4 167]
[255   6   4 255   6   3   6 167]
[255   7   6 255   7   4   7 167]
[255   8   6 255   7   4   7 163]
[255   7   5 255   6   4   6 163]
[255   6   5 255   6   3   6 163]
[255   7   5 255   6   4   6 163]
[255  13  11 255  13   8  12 156]
[255  36  34 255  42  32  38 140]
[255  82  79 255  93  79  89 120]
[255  69  63 255  66  57  66 116]
[255  29  23 255  23  19  24 132]
[255  12  10 255  11   8  11 156]
[255  10   9 255  11   6  11 159]
[255  11  11 255  11   7  11 156]
[255  10   8 255   9   6  10 159]
[255   7   6 255   6   4   6 163]
[255   5   4 255   4   2   4 167]
[255   4   3 255   3   2   4 170]
[255   4   3 255   4   2   4 170]
[255   5   4 255   5   3   5 170]
[255  14  11 255  15   9  14 156]
[254  34  40 255  40  29  40 140]
[253 104 104 255 124 108 108 112]
[255  82  79 255  82  72  82 116]
[255  60  52 255  52  47  52 120]
[255  32  26 255  31  24  29 132]
[255  44  38 255  47  38  42 132]
[255  66  66 255  79  66  72 124]
[255  63  57 255  60  52  60 120]
[255  31  23 255  23  19  26 132]
[255  11   8 255   9   6  10 152]
[255   8   6 255   7   4   7 159]
[255   7   6 255   7   4   7 163]
[255   7   5 255   7   4   6 163]
[255   7   5 255   6   4   6 163]
[255   7   5 255   6   4   6 163]
[255   7   6 255   7   4   7 163]
[255   8   6 255   8   5   8 159]
[255  16  14 255  16  11  15 152]
[255  42  42 255  54  40  49 136]
[255 100 104 255 116 104 112 116]
[255  86  82 255  86  79  86 112]
[255  34  27 255  27  23  29 128]
[255  11   8 255   9   6  10 156]
[255   6   5 255   6   4   6 167]
[255   7   6 255   7   4   6 167]
[255   7   5 255   6   4   6 167]
[255   6   4 255   5   3   5 167]
[255   4   3 255   4   2   4 170]
[255   4   3 255   3   2   3 170]
[255   4   3 255   3   2   3 174]
[255   5   3 255   4   2   4 170]
[255  13  11 255  14   8  12 159]
[254  32  40 255  42  29  40 140]
[253  97  93 255 112  97  97 116]
[255  82  82 255  82  75  86 120]
[255  79  69 255  69  66  72 116]
[255  54  47 255  52  47  52 124]
[255  60  54 255  63  57  60 124]
[255  72  72 255  79  72  79 124]
[255  72  66 255  66  60  69 120]
[255  47  38 255  38  34  42 124]
[255  26  21 255  23  18  23 136]
[255  21  15 255  18  14  18 140]
[255  19  15 255  17  13  17 144]
[255  18  14 255  16  12  16 144]
[255  17  13 255  16  11  15 144]
[255  16  12 255  15  11  15 144]
[255  15  11 255  15  10  14 148]
[255  15  12 255  15  10  14 148]
[255  26  23 255  29  21  26 144]
[255  57  57 255  72  57  66 132]
[255 116 120 255 132 124 128 112]
[255 100 100 255 100  93 100 112]
[255  42  34 255  32  27  36 128]
[255  11   8 255   9   6  10 152]
[255   6   4 255   5   3   5 167]
[255   5   4 255   5   3   5 167]
[255   5   4 255   5   3   5 167]
[255   5   3 255   4   2   4 167]
[255   4   3 255   4   2   4 170]
[255   4   3 255   3   2   4 170]
[255   5   3 255   4   2   4 167]
[255   7   5 255   7   4   7 159]
[255  19  16 255  22  15  19 148]
[254  44  52 255  54  40  52 132]
[254  89  82 255 104  86  89 112]
[255  86  82 255  93  82  89 116]
[255  97  93 255 100  93  97 108]
[255  86  82 255  89  82  86 112]
[255  82  79 255  86  79  82 116]
[255  82  79 255  86  75  82 116]
[255  75  75 255  75  69  75 116]
[255  69  63 255  63  57  66 116]
[255  57  49 255  52  47  54 120]
[255  52  42 255  47  42  49 124]
[255  49  40 255  44  40  47 124]
[255  47  38 255  42  38  44 124]
[255  44  36 255  40  36  42 128]
[255  40  32 255  36  32  38 128]
[255  38  29 255  32  29  34 132]
[255  36  29 255  32  27  34 132]
[255  49  42 255  49  44  47 128]
[255  79  75 255  89  79  82 120]
[255 120 116 255 128 124 124 112]
[255 108 104 255 108 100 108 108]
[255  63  52 255  52  47  57 116]
[255  27  21 255  22  18  23 136]
[255  16  11 255  15  10  14 144]
[255  14  10 255  12   8  12 148]
[255  13   9 255  11   8  11 148]
[255  11   8 255  10   7  10 148]
[255  11   8 255  10   7  10 148]
[255  11   8 255  10   7  10 148]
[255  15  11 255  14  10  14 148]
[255  23  17 255  23  17  22 140]
[255  44  36 255  47  40  44 128]
[254  66  72 255  72  63  72 120]
[248  86 100 252 116  93 108 136]
[254  86 104 255 112  93 104 144]
[254  97 116 255 120 100 116 136]
[254  89 104 255 108  93 104 140]
[254  82  97 255 100  86  97 140]
[254  79  93 255  97  82  93 140]
[254  79  93 255  97  82  93 140]
[254  82  93 255 100  82  97 140]
[254  82  97 255 104  86 100 140]
[254  86 100 255 104  86 100 140]
[254  86 100 255 108  89 104 140]
[253  89 104 255 112  93 104 140]
[253  89 104 255 112  93 104 140]
[253  86 100 255 104  86 100 140]
[253  79  93 255  97  79  93 140]
[253  75  89 255  93  79  89 140]
[253  82  97 255 104  89 100 140]
[253  97 112 254 124 108 116 136]
[252 112 132 254 140 124 132 136]
[252 104 124 254 128 108 124 136]
[252  86  97 254  93  82  97 140]
[253  63  66 255  69  57  69 148]
[253  49  49 255  54  42  54 152]
[253  42  42 255  49  38  47 152]
[253  38  38 255  44  34  44 156]
[253  36  36 255  42  31  42 156]
[253  36  36 255  42  31  42 156]
[253  38  40 255  44  34  44 156]
[254  49  52 255  60  47  57 152]
[254  63  72 255  82  66  79 148]
[254  82  97 255 104  89  97 144]
[248  89 108 251 108  97 112 128]
