[ 49  65  36 251  43  28  32  80]
[ 38  61  30 255  34  18  23  68]
[ 36  58  30 255  32  16  23  65]
[ 36  58  30 255  32  16  23  65]
[ 36  58  32 255  34  18  25  68]
[ 43  68  36 255  43  19  28  80]
[ 58  88  46 255  61  25  34 101]
[ 72 110  61 255  80  30  43 123]
[ 84 119  68 255  92  34  49 137]
[ 92 128  72 255 101  38  52 146]
[ 92 133  76 255 105  38  55 151]
[ 96 133  76 255 105  38  55 151]
[ 96 128  76 255 101  38  52 146]
[ 92 128  76 255 101  38  52 146]
[ 84 114  61 255  80  34  43 128]
[101 110  72 250  76  52  55 119]
[ 25  46  32 255  25  30  32  46]
[ 13  38  23 255  13  18  25  32]
[ 13  38  23 255  13  18  25  32]
[ 12  36  22 255  12  16  23  30]
[ 12  36  22 255  11  16  23  30]
[ 14  46  30 255  18  23  32  41]
[ 25  72  46 255  30  34  49  61]
[ 43 110  76 255  52  55  76 101]
[ 55 123  88 255  58  65  84 110]
[ 55 128  92 255  61  68  92 114]
[ 58 133 101 255  68  72 101 119]
[ 65 142 101 255  72  76 101 128]
[ 72 146 110 255  84  80 110 137]
[ 72 146 110 255  84  80 105 137]
[ 61 123  84 255  58  61  80 110]
[101 114  80 255  49  72  72 101]
[ 22  41  30 255  19  30  32  36]
[  9  28  18 255   7  16  22  20]
[  8  25  16 255   6  14  20  18]
[  7  23  14 255   5  13  18  15]
[  7  23  15 255   5  14  19  16]
[  9  34  25 255  11  20  30  26]
[ 20  65  46 255  23  36  52  52]
[ 49 114  88 255  55  68  92 101]
[ 65 133 105 255  65  80 105 114]
[ 68 133 110 255  72  84 114 119]
[ 72 142 114 255  80  88 119 128]
[ 76 142 110 255  68  88 114 123]
[ 80 151 133 255  88 101 133 142]
[ 80 160 128 255  88  96 128 142]
[ 84 146 110 255  72  88 110 123]
[114 128  96 255  58  84  88 114]
[ 19  34  22 255  14  23  23  28]
[  7  16  11 255   4  10  13  13]
[  3  10   7 255   2   7   9   7]
[  3   8   5 255   2   6   7   6]
[  3   9   6 255   2   6   8   6]
[  4  16  11 255   5   9  14  13]
[ 12  41  26 255  15  22  32  34]
[ 38  96  68 255  43  52  72  84]
[ 58 123  88 255  61  65  88 110]
[ 58 123  92 255  65  65  88 114]
[ 58 128  96 255  72  72  96 119]
[ 55 114  80 255  49  65  80  96]
[ 58 123 105 255  68  76 110 114]
[ 61 137 105 255  72  80 110 123]
[ 92 155 114 255  88  88 110 137]
[128 142 101 255  72  88  92 133]
[ 32  49  30 255  28  28  28  49]
[ 13  30  16 255  13  12  15  26]
[  4  11   5 255   3   5   6   8]
[  2   5   3 255   1   3   4   4]
[  1   5   3 255   1   3   4   4]
[  3  11   7 255   3   5   8   9]
[  9  34  22 255  13  16  25  28]
[ 28  80  55 255  32  41  58  68]
[ 43 105  76 255  43  58  76  88]
[ 41 101  72 255  38  58  80  84]
[ 36  96  68 255  32  55  76  76]
[ 23  61  38 255  13  36  46  41]
[ 22  72  61 255  26  43  68  61]
[ 34 105  72 255  49  55  80  88]
[ 96 172 133 255 105 101 128 160]
[160 172 123 255  92 114 114 160]
[ 58 101  61 255  68  52  55 101]
[ 49 105  61 255  58  38  55 105]
[ 16  38  15 255  13  13  14  30]
[  4  10   5 255   3   5   6   8]
[  1   4   2 255   1   2   3   3]
[  2   7   4 255   2   4   6   5]
[  5  22  13 255   5  13  18  15]
[ 13  46  30 255  13  26  38  32]
[ 23  65  46 255  20  38  55  49]
[ 22  55  38 255  13  36  46  36]
[ 13  36  28 255   8  26  36  23]
[  6  16  11 255   3  13  16   9]
[  7  26  23 255   8  18  30  22]
[ 19  72  49 255  30  38  58  58]
[ 96 176 142 255 110 114 142 164]
[180 188 146 255 105 137 133 168]
[ 76 133 105 255  96  92 105 133]
[ 96 176 142 255 105 105 137 164]
[ 49  92  49 255  25  43  49  68]
[  9  20  13 255   5  10  13  16]
[  1   5   3 255   1   3   4   4]
[  2   8   5 255   2   5   6   6]
[  7  20  13 255   7  12  15  15]
[ 15  41  28 255  18  22  30  36]
[ 26  61  41 255  28  30  41  55]
[ 18  38  20 255  10  19  22  28]
[  6  13   9 255   3   8  10   9]
[  1   4   2 255   1   2   3   2]
[  2   8   6 255   3   5   9   7]
[ 11  46  30 255  20  23  36  38]
[ 88 168 133 255 101 105 137 151]
[184 188 146 255 105 137 137 168]
[ 52  96  72 255  49  72  80  84]
[ 49 114  92 255  36  80 110  92]
[ 23  52  30 255   8  32  38  30]
[  6  15  10 255   3   9  13  11]
[  1   5   3 255   1   2   3   4]
[  2   7   3 255   2   3   4   5]
[  4  14   8 255   4   6   9  13]
[  8  30  15 255   9  12  18  25]
[ 12  43  23 255  13  19  26  36]
[  9  23  11 255   4  11  13  15]
[  3   8   4 255   2   4   5   5]
[  1   2   1 255   1   1   2   2]
[  1   7   5 255   3   4   6   6]
[ 11  46  28 255  22  22  34  38]
[ 76 155 119 255  88  96 119 142]
[172 180 137 255  96 128 128 160]
[ 26  46  34 255  19  38  38  38]
[ 13  34  28 255   8  26  36  23]
[  5  13   9 255   2   9  12   8]
[  3   8   5 255   1   5   6   5]
[  1   5   3 255   1   3   4   4]
[  2   8   5 255   2   5   7   6]
[  5  18  11 255   5  10  14  13]
[  8  25  18 255   6  18  23  16]
[  9  26  20 255   5  22  28  16]
[  6  14   9 255   2  10  13   8]
[  3   9   7 255   3   5   8   8]
[  3   9   4 255   3   3   4   8]
[  8  26  15 255  15   9  14  28]
[ 28  84  55 255  49  36  55  80]
[ 84 160 123 255  92  96 123 142]
[164 172 133 255  88 123 123 155]
[ 16  26  15 254   9  18  16  20]
[  4  12   8 255   4   7   9  10]
[  2   6   3 255   2   3   4   5]
[  3   8   4 255   3   4   5   7]
[  4  10   5 255   4   5   6   9]
[  4  13   7 255   5   6   8  11]
[  6  16   9 255   5   8  10  13]
[  4  12   6 255   3   7   8   8]
[  2   6   4 255   1   4   5   4]
[  1   4   2 255   1   2   3   3]
[  2   9   5 255   3   4   6   9]
[  7  32  13 255  13   9  13  30]
[ 34 101  58 255  58  38  55  96]
[ 68 146 110 255 101  76 105 137]
[ 96 168 133 255 105 105 128 151]
[160 168 128 255  88 119 114 151]
[ 15  23  13 254   8  15  13  19]
[  4  11   7 255   3   6   8   9]
[  2   6   3 255   1   3   4   5]
[  3  12   5 255   3   5   7   9]
[  4  15   8 255   4   7   9  12]
[  5  18   9 255   5   8  10  13]
[  5  18   9 255   5   8  10  13]
[  3   9   4 255   2   4   5   6]
[  1   4   2 255   1   2   3   3]
[  1   2   1 255   1   1   2   2]
[  2  12   8 255   5   7  11  11]
[ 18  68  41 255  25  34  49  52]
[ 88 164 137 255  88 110 137 146]
[101 180 155 255 119 119 155 168]
[101 172 137 255 101 105 133 155]
[155 168 123 255  84 114 114 151]
[ 16  25  13 254   9  15  14  20]
[  4  12   8 255   3   7   9   9]
[  2   6   3 255   1   4   5   4]
[  3   9   6 255   2   6   8   6]
[  3  11   7 255   2   8  11   7]
[  4  12   8 255   2   8  11   8]
[  4  12   7 255   2   8  10   8]
[  2   7   4 255   1   4   5   4]
[  1   4   2 255   1   2   3   2]
[  1   2   1 255   1   1   2   2]
[  1   7   5 255   2   4   7   5]
[  6  23  14 255   5  16  23  14]
[ 19  65  46 255  13  46  65  43]
[ 28  92  76 255  28  61  92  72]
[ 41 110  80 255  36  68  92  84]
[119 137 101 255  52  96  96 114]
[ 19  30  15 254  10  18  16  25]
[  5  12   8 255   3   7   9  10]
[  1   4   2 255   1   2   3   3]
[  1   4   2 255   1   3   3   3]
[  1   4   2 255   1   3   3   3]
[  1   4   2 255   1   3   3   2]
[  1   4   2 255   1   3   4   2]
[  1   4   2 255   1   2   3   2]
[  1   4   2 255   1   2   3   3]
[  1   4   2 255   1   2   2   2]
[  1   5   3 255   1   4   4   4]
[  2   6   4 255   1   5   6   4]
[  3  10   8 255   2   9  13   6]
[  4  16  13 255   3  13  20  11]
[  8  28  22 255   5  22  30  18]
[ 49  68  46 255  18  49  52  49]
[ 25  38  22 255  15  23  22  32]
[  7  19  11 255   6   9  12  16]
[  2   7   3 255   2   3   4   6]
[  2   5   2 255   1   2   3   3]
[  1   3   2 255   1   2   2   2]
[  1   2   1 255   0   1   1   1]
[  1   2   1 255   0   1   1   1]
[  1   3   1 255   1   1   2   2]
[  1   6   3 255   2   2   4   5]
[  2   8   3 255   2   3   4   6]
[  2   6   3 255   1   3   4   4]
[  1   2   1 255   1   1   2   2]
[  1   2   1 255   0   1   1   1]
[  1   3   2 255   1   2   2   2]
[  1   5   3 255   1   4   5   4]
[ 14  23  14 254   6  16  16  18]
[ 30  49  32 255  25  30  30  46]
[ 13  36  22 255  13  15  22  34]
[  7  20  10 255   7   8  11  18]
[  5  13   7 255   4   6   7  11]
[  3   9   5 255   3   4   5   8]
[  2   6   3 255   2   3   4   5]
[  2   6   3 255   2   2   3   5]
[  3   8   5 255   4   4   5   8]
[  5  20  12 255   9   8  13  20]
[ 11  28  13 255   8  11  13  22]
[  7  16   9 255   5   7   9  13]
[  2   4   2 255   1   2   3   4]
[  1   3   1 255   1   1   2   2]
[  1   3   1 255   1   1   2   2]
[  1   5   3 255   2   2   4   4]
[ 13  22  11 254   8  11  12  19]
[ 43  84  55 251  38  80  84  61]
[ 26  80  46 255  25  80  80  52]
[ 20  65  34 255  20  61  65  41]
[ 16  52  25 255  14  46  46  32]
[ 12  43  19 255  12  36  36  26]
[  9  34  13 255  10  28  28  22]
[  8  32  13 254   9  26  25  20]
[  9  41  18 255  13  34  36  26]
[ 16  65  34 255  23  65  68  43]
[ 26  76  36 255  22  72  68  43]
[ 18  52  26 255  13  49  49  32]
[  6  22   9 254   6  19  18  13]
[  4  14   6 253   4  13  12   8]
[  4  15   6 253   5  13  13   9]
[  5  23  10 254   7  22  22  15]
[ 28  46  26 249  19  49  43  38]
