[128 156 146 163 166 135 153 190 146  80 124 173 173  96 187 173]
[160 187 124 163 166 146 169 201 160 132 156 214 210 139 208 114]
[132 176 149 182 190 132 149 216 146  90 142 210 203 100 190 156]
[ 83 182  96 153 198  87 100 221 100  37 103 218 210  48 142 142]
[ 83 205  44 114 198  58  69 224  71  30  83 236 229  37 114  87]
[ 80 214  32 100 201  46  58 227  60  27  74 240 234  33 100  71]
[ 87 223  25  87 198  44  53 227  55  26  71 245 238  35 100  55]
[121 223   9  40 132  69  80 176  83  71 107 241 238  83  96  16]
[103 124 169 196 179 146 166 187 160  58 124 124 142  77 214 208]
[169 166 176 190 149 169 208 179 205 176 182 173 187 179 236 135]
[103  87 219 226 176 166 210 173 205 121 182  93 124 128 227 214]
[ 37  42 176 208 153  93 163 132 163  32 124  46  63  44 179 214]
[ 38  48 103 153 100  48 128  83 121  27  90  46  60  40 149 142]
[ 38  48  87 132  83  35 117  63 114  29  80  42  55  38 135 114]
[ 40  69  83 117  96  27  90  90  83  18  58  63  63  29 121 107]
[103 146   8  16  26  33  87  44  74  44  58 135 153  71  71   8]
[ 77 156 114 163 193 103 114 212 114  23  83 173 179  38 176 190]
[196 223 103 146 169 160 185 210 187 185 176 234 237 187 231  69]
[142 135 212 227 196 190 218 198 216 166 201 160 185 166 236 203]
[ 55  46 201 223 160 139 196 142 193  58 156  53  77  74 212 223]
[ 63  42 146 173  83  90 179  66 166  63 128  37  55  83 198 153]
[ 77  42 160 173  71  83 185  51 173  83 132  32  46 103 203 139]
[ 42  32 201 201 117  66 149  83 135  29  93  23  32  44 169 198]
[58 83 10 18 18 25 77 30 71 19 46 69 80 35 51 16]
[ 32  48  80 153 121  46 114 117 121  15  74  51  53  19 121 201]
[198 193  83  87  83 103 190 117 173 190 153 179 196 198 214  37]
[176 163 203 205 179 193 221 187 212 187 198 169 198 196 237 169]
[103  87 205 221 176 176 212 173 210 110 182 103 132 128 229 214]
[124  96 173 185 114 146 203 124 196 121 160  93 117 142 226 160]
[160 135 214 203 153 163 201 166 193 142 160 128 146 163 235 169]
[ 40  58 231 237 212 139 166 196 153  30 132  71 103  44 205 237]
[38 74  9 30 30 29 66 53 80 12 48 96 96 19 55 32]
[ 71  40 169 196 110 124 169  96 166  37 107  33  38  58 212 218]
[212 160 190 139  60 153 214 100 201 208 163 114 142 212 238  69]
[187 169 212 201 156 193 223 185 218 198 196 166 193 203 240 160]
[149 135 201 214 176 193 219 190 216 160 196 149 176 169 236 196]
[169 153 196 196 156 176 210 187 208 160 179 156 173 169 234 169]
[139 169 226 221 214 169 187 227 187 117 163 182 198 128 221 210]
[ 16  80 163 227 233  87 117 224 117  10 110 135 160  16 142 237]
[ 51 110   4  21  38  25  58  63  71  14  51 146 146  23  53  17]
[149 139 185 193 166 163 187 185 185 107 146 135 153 124 224 196]
[196 185 198 196 160 193 221 196 218 203 196 187 205 203 240 146]
[179 166 205 210 179 201 223 203 221 187 201 176 201 190 239 182]
[176 160 203 208 173 198 221 198 219 185 198 173 196 190 239 182]
[173 146 214 214 173 198 223 196 219 182 198 156 185 185 238 187]
[ 60  51 227 239 198 163 216 169 214 103 193  66 107 103 212 235]
[  9  10 132 210 132  46 146  74 146  11 107  13  19  15 117 230]
[ 83  55  10  16   9  22 103  11  93  40  58  35  44  69  63  12]
[142 173 173 187 190 153 166 212 163  83 132 179 187 103 214 196]
[193 212 173 187 190 190 205 223 205 185 187 223 231 187 236 135]
[187 198 193 203 193 201 214 223 214 182 193 212 221 187 239 169]
[187 198 203 205 196 201 212 224 212 176 190 210 219 185 238 176]
[169 187 203 212 205 203 212 223 210 166 193 205 219 179 238 187]
[103 100 216 234 203 203 219 190 216 135 203 132 166 153 239 223]
[ 66  27 219 229 124 160 208  96 203  69 163  27  42  93 231 226]
[142  58  96  69  16  96 179  23 169 110 107  32  46 135 166  44]
[ 77  80 135 166 124  87 149 121 163  58 132  69  83  83 166 179]
[142 135 135 132 103 107 185 114 185 132 169 114 142 185 198 103]
[142 139 163 163 132 135 193 146 196 139 182 124 156 187 212 139]
[128 121 179 179 142 139 193 153 201 128 185 114 146 176 210 163]
[114 114 153 166 132 117 185 142 193 110 176 110 135 160 198 156]
[139 135 149 153 128 132 190 135 193 135 179 124 153 187 210 132]
[128 107 196 193 146 156 203 139 203 135 190  96 135 187 221 179]
[124  87 132 135  87 132 182  90 187 107 163  87 103 160 173 132]
