[160 168 165 170 171 162 167 179 165 146 159 173 173 151 178 173]
[169 178 159 170 171 165 172 183 169 161 168 189 187 163 186 156]
[161 174 166 176 179 161 166 190 165 149 164 187 184 152 179 168]
[147 176 151 167 182 148 152 193 152 128 153 191 187 134 164 164]
[147 185 132 156 182 138 142 195 143 124 147 204 198 128 156 148]
[146 189 125 152 183 133 138 197 139 122 144 209 202 126 152 143]
[148 194 120 148 182 132 136 197 137 121 143 215 206 127 152 137]
[158 194 100 130 161 142 146 174 147 143 154 210 206 147 151 112]
[153 159 172 181 175 165 171 178 169 138 159 159 164 145 189 186]
[172 171 174 179 166 172 186 175 185 174 176 173 178 175 204 162]
[153 148 192 196 174 171 187 173 185 158 176 150 159 160 197 189]
[128 131 174 186 167 150 170 161 170 125 159 133 140 132 175 189]
[129 134 153 167 152 134 160 147 158 122 149 133 139 130 166 164]
[129 134 148 161 147 127 157 140 156 123 146 131 137 129 162 156]
[130 142 147 157 151 122 149 149 147 114 138 140 140 123 158 154]
[153 165  98 111 121 126 148 132 144 132 138 162 167 143 143  99]
[145 168 156 170 180 153 156 188 156 119 147 173 175 129 174 179]
[181 194 153 165 172 169 177 187 178 177 174 202 205 178 200 142]
[164 162 188 197 181 179 191 182 190 171 183 169 177 171 204 184]
[137 133 183 194 169 163 181 164 180 138 168 136 145 144 188 194]
[140 131 165 173 147 149 175 141 171 140 160 128 137 147 182 167]
[145 131 169 173 143 147 177 135 173 147 161 125 133 153 184 163]
[131 125 183 183 157 141 166 147 162 123 150 119 125 132 172 182]
[138 147 103 114 114 120 145 124 143 115 133 142 146 127 135 112]
[125 134 146 167 158 133 156 157 158 110 144 135 136 115 158 183]
[182 180 147 148 147 153 179 157 173 179 167 175 181 182 189 128]
[174 170 184 185 175 180 193 178 188 178 182 172 182 181 205 172]
[153 148 185 193 174 174 188 173 187 155 176 153 161 160 198 189]
[159 151 173 177 156 165 184 159 181 158 169 150 157 164 196 169]
[169 162 189 184 167 170 183 171 180 164 169 160 165 170 203 172]
[130 138 200 205 188 163 171 181 167 124 161 143 153 132 185 205]
[129 144 100 124 124 123 141 136 146 106 134 151 151 115 137 125]
[143 130 172 181 155 159 172 151 171 128 154 126 129 138 188 191]
[188 169 179 163 139 167 189 152 183 186 170 156 164 188 206 142]
[178 172 188 183 168 180 194 177 191 182 181 171 180 184 208 169]
[166 162 183 189 174 180 192 179 190 169 181 166 174 172 204 181]
[172 167 181 181 168 174 187 178 186 169 175 168 173 172 202 172]
[163 172 196 193 189 172 178 197 178 157 170 176 182 160 193 187]
[111 146 170 197 201 148 157 195 157 102 155 162 169 111 164 205]
[135 155  84 117 129 120 138 140 143 109 135 165 165 119 136 113]
[166 163 177 180 171 170 178 177 177 154 165 162 167 159 195 181]
[181 177 182 181 169 180 193 181 191 184 181 178 185 184 208 165]
[175 171 185 187 175 183 194 184 193 178 183 174 183 179 207 176]
[174 169 184 186 173 182 193 182 192 177 182 173 181 179 207 176]
[173 165 189 189 173 182 194 181 192 176 182 168 177 177 206 178]
[139 135 197 207 182 170 190 172 189 153 180 141 154 153 188 203]
[101 103 161 187 161 133 165 144 165 104 154 108 115 110 157 199]
[147 137 103 111 101 118 153 104 150 130 138 127 132 142 140 106]
[164 173 173 178 179 167 171 188 170 147 161 175 178 153 189 181]
[180 188 173 178 179 179 185 194 185 177 178 194 200 178 204 162]
[178 182 180 184 180 183 189 194 189 176 180 188 193 178 207 172]
[178 182 184 185 181 183 188 195 188 174 179 187 192 177 206 174]
[172 178 184 188 185 184 188 194 187 171 180 185 192 175 206 178]
[153 152 190 202 184 184 192 179 190 162 184 161 171 167 207 194]
[141 122 192 198 159 169 186 151 184 142 170 122 131 150 200 196]
[164 138 151 142 111 151 175 119 172 155 154 125 133 162 171 132]
[145 146 162 171 159 148 166 158 170 138 161 142 147 147 171 175]
[164 162 162 161 153 154 177 156 177 161 172 156 164 177 182 153]
[164 163 170 170 161 162 180 165 181 163 176 159 168 178 188 163]
[160 158 175 175 164 163 180 167 183 160 177 156 165 174 187 170]
[156 156 167 171 161 157 177 164 180 155 174 155 162 169 182 168]
[163 162 166 167 160 161 179 162 180 162 175 159 167 178 187 161]
[160 154 181 180 165 168 184 163 184 162 179 151 162 178 193 175]
[159 148 161 162 148 161 176 149 178 154 170 148 153 169 173 161]
