[ 72  77  67 145  70  63  65  81]
[ 68  76  64 167  66  56  60  78]
[ 67  75  64 166  65  55  60  77]
[ 67  75  64 166  65  55  60  77]
[ 67  75  65 167  66  56  61  78]
[ 70  78  67 171  70  57  63  81]
[ 75  83  71 174  76  61  66  86]
[ 79  88  76 177  81  64  70  91]
[ 82  90  78 179  84  66  72  94]
[ 84  92  79 180  86  68  73  96]
[ 84  93  80 181  87  68  74  97]
[ 85  93  80 181  87  68  74  97]
[ 85  92  80 180  86  68  73  96]
[ 84  92  80 180  86  68  73  96]
[ 82  89  76 177  81  66  70  92]
[ 86  88  79 144  80  73  74  90]
[ 61  71  65 169  61  64  65  71]
[ 52  68  60 205  51  56  61  65]
[ 51  68  60 204  51  56  61  65]
[ 50  67  59 203  50  55  60  64]
[ 50  67  59 203  49  55  60  64]
[ 53  71  64 208  56  60  65  69]
[ 61  79  71 214  64  66  72  76]
[ 70  88  80 220  73  74  80  86]
[ 74  91  83 221  75  77  82  88]
[ 74  92  84 222  76  78  84  89]
[ 75  93  86 223  78  79  86  90]
[ 77  95  86 224  79  80  86  92]
[ 79  96  88 225  82  81  88  94]
[ 79  96  88 226  82  81  87  94]
[ 76  91  82 220  75  76  81  88]
[ 86  89  81 174  72  79  79  86]
[ 59  69  64 166  57  64  65  67]
[ 47  63  56 199  42  55  59  58]
[ 44  61  55 198  40  53  58  56]
[ 42  60  53 198  38  52  56  54]
[ 43  60  54 197  39  53  57  55]
[ 47  66  61 204  49  58  64  62]
[ 58  77  71 213  60  67  73  73]
[ 72  89  83 221  74  78  84  86]
[ 77  93  87 222  77  81  87  89]
[ 78  93  88 223  79  82  89  90]
[ 79  95  89 225  81  83  90  92]
[ 80  95  88 223  78  83  89  91]
[ 81  97  93 226  83  86  93  95]
[ 81  99  92 228  83  85  92  95]
[ 82  96  88 223  79  83  88  91]
[ 89  92  85 175  75  82  83  89]
[ 57  66  59 163  53  60  60  63]
[ 42  55  49 193  36  48  52  51]
[ 32  48  42 189  27  42  46  42]
[ 30  45  39 188  23  40  43  40]
[ 30  46  40 189  25  40  44  41]
[ 36  55  49 197  38  47  53  51]
[ 50  69  62 208  54  59  65  66]
[ 68  85  78 218  70  73  79  82]
[ 75  91  83 221  76  77  83  88]
[ 75  91  84 222  77  77  83  89]
[ 75  92  85 223  79  79  85  90]
[ 74  89  81 218  72  77  81  85]
[ 75  91  87 222  78  80  88  89]
[ 76  94  87 226  79  81  88  91]
[ 84  98  89 227  83  83  88  94]
[ 92  95  86 178  79  83  84  93]
[ 65  72  64 171  63  63  63  72]
[ 52  64  55 202  51  50  54  62]
[ 36  49  39 190  32  37  40  45]
[ 26  39  31 183  21  31  34  36]
[ 21  38  31 185  19  30  34  34]
[ 29  49  42 194  32  39  45  46]
[ 47  66  59 206  51  55  61  63]
[ 63  81  74 215  65  69  75  78]
[ 70  87  80 218  70  75  80  83]
[ 69  86  79 217  68  75  81  82]
[ 67  85  78 216  65  74  80  80]
[ 60  76  68 208  52  67  71  69]
[ 59  79  76 214  62  70  78  76]
[ 66  87  79 222  72  74  81  83]
[ 85 102  93 231  87  86  92  99]
[ 99 102  91 183  84  89  89  99]
[ 75  86  76 183  78  73  74  86]
[ 72  87  76 220  75  68  74  87]
[ 55  68  54 202  51  51  53  64]
[ 36  48  39 188  31  37  40  45]
[ 18  36  28 183  17  28  32  32]
[ 23  43  35 189  24  35  40  39]
[ 39  59  51 199  39  51  56  54]
[ 52  71  64 206  52  62  68  65]
[ 60  77  71 210  58  68  74  72]
[ 59  74  68 206  52  67  71  67]
[ 52  67  63 201  44  62  67  60]
[ 40  55  49 194  29  51  55  47]
[ 42  62  60 204  45  56  64  59]
[ 57  79  72 219  64  68  75  75]
[ 85 103  95 232  88  89  95 100]
[104 106  96 185  87  94  93 101]
[ 80  93  87 187  85  84  87  93]
[ 85 103  95 231  87  87  94 100]
[ 72  84  72 213  61  70  72  78]
[ 47  58  51 194  39  48  52  55]
[ 21  38  31 184  21  31  35  35]
[ 27  44  37 190  28  37  41  40]
[ 42  58  52 199  43  50  54  54]
[ 54  69  63 208  56  59  64  67]
[ 62  76  69 213  63  64  69  74]
[ 56  68  58 203  48  57  59  63]
[ 40  51  46 191  32  45  48  47]
[ 18  33  26 181  11  28  31  28]
[ 23  45  41 194  29  39  46  43]
[ 49  71  64 214  58  60  67  68]
[ 83 101  93 231  86  87  94  97]
[105 106  96 185  87  94  94 101]
[ 73  85  79 178  72  79  81  82]
[ 72  89  84 218  67  81  88  84]
[ 60  73  64 205  45  65  68  64]
[ 40  54  48 192  30  46  51  49]
[ 19  37  29 184  18  28  32  34]
[ 23  42  32 189  24  31  35  39]
[ 34  53  44 196  36  41  46  51]
[ 44  64  54 203  46  50  56  61]
[ 50  70  60 207  51  57  62  67]
[ 46  60  49 197  36  49  52  54]
[ 29  44  36 186  23  35  39  39]
[ 11  28  19 178   8  20  23  23]
[ 21  42  37 193  29  34  40  41]
[ 49  71  63 214  59  59  66  68]
[ 80  98  90 229  83  85  90  95]
[102 104  94 184  85  92  92  99]
[ 62  71  66 167  57  68  68  68]
[ 52  66  63 201  45  62  67  60]
[ 39  52  46 192  28  47  50  44]
[ 29  44  38 188  21  37  41  39]
[ 21  38  31 185  20  30  35  35]
[ 28  45  38 190  27  38  42  41]
[ 38  56  49 196  37  48  53  51]
[ 44  61  56 198  40  56  60  55]
[ 47  62  58 199  39  59  63  55]
[ 40  53  47 193  27  48  52  45]
[ 32  47  42 195  30  39  45  45]
[ 29  46  35 195  32  31  36  44]
[ 44  62  54 207  54  47  53  63]
[ 63  82  74 219  72  67  74  81]
[ 82  99  91 228  84  85  91  95]
[100 102  93 182  83  91  91  98]
[ 55  62  54 160  46  56  55  58]
[ 36  50  45 192  33  42  47  48]
[ 24  41  31 188  23  30  34  37]
[ 29  45  35 191  29  33  37  42]
[ 33  48  39 193  34  37  41  46]
[ 36  52  43 194  37  41  45  49]
[ 40  55  47 196  39  45  48  52]
[ 36  50  41 190  29  42  45  45]
[ 28  41  35 185  20  36  39  36]
[ 18  34  27 183  12  27  31  29]
[ 25  46  39 198  32  34  41  46]
[ 43  65  51 211  51  46  52  64]
[ 66  86  75 221  75  68  74  85]
[ 78  96  88 227  86  80  87  94]
[ 85 101  93 228  87  87  92  97]
[ 99 101  92 181  83  90  89  97]
[ 54  60  51 159  44  54  52  57]
[ 33  49  43 192  31  40  45  47]
[ 22  41  31 189  21  31  35  38]
[ 31  50  39 193  30  38  42  46]
[ 35  54  44 196  35  42  46  50]
[ 38  56  46 197  37  44  48  52]
[ 38  56  46 196  37  44  48  52]
[ 32  46  35 188  24  36  39  41]
[ 19  34  26 180  13  26  30  30]
[ 10  28  20 179   8  21  24  24]
[ 26  50  45 199  37  42  49  49]
[ 56  78  69 218  61  66  72  73]
[ 83 100  94 230  83  88  94  96]
[ 86 104  98 232  90  90  98 101]
[ 86 102  94 229  86  87  93  98]
[ 98 101  91 181  82  89  89  97]
[ 55  61  52 160  46  54  53  58]
[ 34  50  44 191  31  42  47  47]
[ 22  40  32 185  19  34  37  34]
[ 29  46  40 189  23  41  45  40]
[ 32  49  43 191  26  44  49  43]
[ 33  50  44 192  27  44  49  44]
[ 33  50  43 191  26  44  48  44]
[ 27  42  33 185  17  35  38  35]
[ 17  33  24 180  10  25  29  28]
[  9  27  19 177   6  20  24  23]
[ 20  42  37 189  24  36  42  39]
[ 40  60  53 201  37  55  60  53]
[ 57  77  71 211  52  71  77  70]
[ 63  84  80 218  63  76  84  79]
[ 69  88  81 220  67  78  84  82]
[ 90  94  86 178  73  85  85  89]
[ 57  64  54 162  48  56  55  61]
[ 37  50  44 192  32  42  46  48]
[ 20  35  27 183  16  28  31  31]
[ 20  35  27 182  13  29  31  29]
[ 18  33  27 181  12  29  32  29]
[ 17  33  26 181  11  29  32  27]
[ 18  34  27 181  11  29  33  28]
[ 17  33  25 181  11  27  30  28]
[ 17  33  25 184  15  25  29  30]
[ 17  33  22 181  13  23  26  28]
[ 21  37  32 183  20  33  36  34]
[ 25  41  35 185  19  38  41  33]
[ 32  48  44 190  24  46  51  41]
[ 36  55  52 196  32  52  58  49]
[ 45  63  59 203  39  59  64  56]
[ 72  78  71 168  56  72  73  72]
[ 61  68  59 166  54  60  59  65]
[ 43  57  49 197  41  46  50  55]
[ 27  42  32 188  25  31  34  40]
[ 22  37  26 183  17  27  29  32]
[ 15  30  22 179  11  22  25  27]
[  9  25  16 176   4  18  20  21]
[  9  25  16 176   4  18  21  20]
[ 12  29  21 181  11  21  25  26]
[ 21  40  31 191  25  28  33  39]
[ 28  44  31 190  24  31  33  40]
[ 26  40  30 183  21  30  33  36]
[ 11  27  18 176   6  20  22  22]
[  8  25  16 175   3  19  21  20]
[ 11  29  22 179   8  25  28  24]
[ 20  38  32 187  18  34  38  33]
[ 53  60  53 159  41  55  55  56]
[ 64  72  65 171  61  64  64  71]
[ 52  67  59 206  51  54  59  66]
[ 42  58  48 200  43  45  49  56]
[ 38  52  42 196  36  40  43  49]
[ 32  46  37 192  32  34  38  45]
[ 27  41  31 190  27  29  33  39]
[ 26  40  30 189  25  28  32  38]
[ 29  45  37 193  33  33  38  45]
[ 39  58  50 204  47  45  51  58]
[ 49  63  51 204  45  49  52  59]
[ 43  55  46 195  38  43  47  52]
[ 22  36  27 183  18  26  29  33]
[ 14  29  20 179  10  20  23  25]
[ 14  30  21 181  12  21  25  27]
[ 20  38  30 189  23  28  33  36]
[ 51  59  49 158  44  49  50  57]
[ 70  82  74 145  68  81  82  76]
[ 62  81  71 172  61  81  81  73]
[ 58  77  66 169  58  76  77  69]
[ 55  73  61 167  53  71  71  65]
[ 50  70  57 165  50  67  67  62]
[ 46  66  52 163  48  63  63  59]
[ 45  65  51 162  47  62  61  58]
[ 47  69  56 165  52  66  67  62]
[ 55  77  66 171  60  77  78  70]
[ 62  80  67 172  59  79  78  70]
[ 56  73  62 166  52  72  72  65]
[ 41  59  46 157  41  57  56  51]
[ 35  53  40 153  35  51  50  45]
[ 35  54  41 155  37  52  51  47]
[ 39  60  48 160  43  59  59  54]
[ 63  71  62 141  57  72  70  68]
