[149 144 182 157]
[150 142 147 150]
[150 142 149 150]
[150 142 153 150]
[151 145 158 150]
[151 146 164 152]
[151 145 165 153]
[151 144 161 152]
[150 143 157 151]
[150 142 156 150]
[150 142 156 150]
[150 143 156 150]
[151 144 156 151]
[152 146 156 153]
[152 146 156 154]
[152 146 156 154]
[152 146 157 154]
[152 147 158 154]
[153 148 160 154]
[153 148 161 155]
[153 147 161 155]
[153 147 160 155]
[152 147 158 154]
[152 146 156 154]
[153 147 154 154]
[153 147 152 154]
[153 148 150 154]
[154 148 147 155]
[155 148 147 156]
[155 149 148 156]
[155 149 149 156]
[155 150 149 158]
[156 150 147 158]
[156 150 145 158]
[155 149 143 158]
[155 147 141 157]
[153 144 141 154]
[151 142 141 151]
[150 141 142 150]
[150 142 141 150]
[151 144 139 151]
[152 143 137 152]
[152 144 136 152]
[152 144 137 152]
[152 142 138 151]
[152 143 139 151]
[152 144 139 151]
[153 145 139 153]
[154 147 140 154]
[154 147 141 155]
[154 146 143 155]
[153 145 144 154]
[153 145 145 154]
[153 147 145 154]
[155 149 144 156]
[156 150 142 157]
[156 150 141 158]
[156 149 143 157]
[155 149 145 157]
[156 150 145 158]
[157 151 143 159]
[158 152 141 160]
[160 155 134 162]
[162 162 165 160]
[171 154 137 159]
[187 155  86 152]
[186 155  91 151]
[184 156  97 151]
[184 159 107 152]
[184 161 116 155]
[185 161 117 158]
[185 160 112 156]
[186 159 106 154]
[186 158 104 153]
[185 157 103 152]
[185 157 103 153]
[185 159 103 154]
[186 161 103 156]
[187 161 102 158]
[187 160 102 157]
[186 161 103 157]
[186 161 105 158]
[186 161 108 159]
[185 162 110 159]
[185 162 110 159]
[186 161 108 159]
[186 161 105 158]
[187 162 103 158]
[188 162 100 158]
[189 162  97 159]
[190 164  93 159]
[191 165  90 160]
[192 165  88 161]
[192 165  89 161]
[191 164  90 161]
[192 166  89 163]
[193 167  87 164]
[194 167  84 164]
[194 166  80 164]
[194 164  76 162]
[192 160  76 158]
[190 158  77 154]
[189 156  79 152]
[190 158  77 152]
[191 159  74 154]
[192 160  71 155]
[193 161  70 155]
[193 160  70 156]
[193 159  73 154]
[192 160  75 154]
[192 160  75 155]
[193 162  75 156]
[193 163  76 158]
[193 163  79 159]
[192 162  80 159]
[191 161  82 158]
[190 161  83 157]
[191 163  84 158]
[193 165  82 161]
[195 167  80 162]
[195 167  81 162]
[194 166  83 162]
[193 166  84 162]
[194 167  83 164]
[196 169  79 166]
[198 170  77 167]
[203 178  65 171]
[192 176 118 164]
[172 154 137 159]
[187 155  85 152]
[186 155  91 151]
[185 157  98 151]
[185 162 110 154]
[186 165 120 160]
[187 166 122 163]
[187 164 118 162]
[187 163 113 159]
[186 161 110 157]
[186 160 108 156]
[186 161 106 156]
[187 163 104 158]
[188 164 104 160]
[189 164 104 161]
[189 164 104 161]
[188 164 105 160]
[188 164 106 160]
[187 164 109 161]
[187 164 111 162]
[187 164 112 162]
[187 164 110 162]
[187 163 107 162]
[187 163 104 161]
[188 163 101 161]
[188 163  99 161]
[189 164  96 161]
[190 164  93 161]
[191 165  92 161]
[191 165  91 162]
[191 165  90 162]
[192 166  88 163]
[193 167  87 164]
[194 168  84 165]
[195 167  80 164]
[195 165  76 162]
[193 161  76 158]
[191 158  77 154]
[189 157  79 153]
[190 158  77 153]
[191 159  74 154]
[192 160  71 155]
[193 161  69 155]
[193 160  70 156]
[193 161  73 154]
[192 161  76 156]
[192 161  76 156]
[192 162  76 156]
[193 163  77 157]
[192 163  79 159]
[192 162  80 159]
[192 161  81 158]
[191 162  82 158]
[192 164  83 159]
[193 166  82 161]
[194 166  83 162]
[193 166  85 162]
[193 165  86 162]
[194 167  84 163]
[196 169  80 165]
[198 171  78 167]
[200 173  76 168]
[206 181  67 173]
[194 178 120 166]
[172 154 136 159]
[187 155  84 151]
[186 155  91 151]
[184 158 100 152]
[184 163 113 156]
[185 167 125 163]
[186 167 129 167]
[186 166 126 166]
[186 164 120 164]
[186 162 115 161]
[186 163 112 160]
[187 164 110 160]
[189 167 109 161]
[190 168 109 163]
[191 168 110 164]
[190 168 111 163]
[190 167 112 162]
[189 167 112 162]
[188 166 114 162]
[187 166 116 163]
[187 165 115 164]
[186 164 112 163]
[187 164 109 163]
[186 163 105 162]
[187 163 102 162]
[187 162  99 161]
[188 163  97 161]
[189 164  96 161]
[189 164  95 161]
[190 164  93 162]
[191 165  90 162]
[192 166  89 163]
[193 167  89 164]
[193 167  87 165]
[194 165  83 163]
[193 163  79 161]
[192 161  78 157]
[190 158  79 154]
[189 157  80 153]
[189 158  78 153]
[191 159  75 154]
[192 160  71 155]
[193 161  70 155]
[194 161  70 156]
[193 162  74 155]
[192 161  76 157]
[192 161  77 157]
[193 162  77 157]
[192 163  78 157]
[192 163  79 159]
[193 163  80 159]
[192 162  80 159]
[192 164  81 159]
[192 165  82 160]
[193 166  83 162]
[193 166  86 162]
[192 165  88 162]
[192 166  87 162]
[194 168  84 164]
[197 171  80 166]
[199 174  79 168]
[201 177  82 169]
[208 186  75 175]
[195 181 128 170]
[172 155 135 160]
[188 156  83 152]
[186 155  90 151]
[184 158 100 152]
[183 163 114 157]
[184 167 127 164]
[184 168 133 169]
[184 167 130 169]
[185 166 122 167]
[186 165 117 164]
[187 165 115 163]
[188 167 115 163]
[190 170 115 165]
[191 171 117 167]
[191 171 120 168]
[190 171 122 167]
[190 170 122 167]
[189 169 121 166]
[188 168 121 165]
[187 167 122 165]
[186 166 119 165]
[187 166 116 164]
[187 166 111 164]
[188 165 105 164]
[188 164 100 163]
[189 164  97 161]
[189 164  96 161]
[189 164  97 161]
[189 164  96 161]
[190 165  94 162]
[191 166  92 162]
[192 166  92 162]
[192 166  91 163]
[192 166  89 164]
[192 164  85 162]
[191 162  82 160]
[190 160  81 157]
[189 158  80 155]
[189 158  80 153]
[189 158  78 153]
[190 158  76 154]
[192 159  73 154]
[192 160  71 155]
[193 161  72 156]
[193 161  75 156]
[192 161  77 157]
[192 161  78 157]
[192 162  79 157]
[192 163  79 157]
[193 164  80 159]
[193 164  80 160]
[193 163  80 159]
[193 164  81 160]
[193 165  82 161]
[193 166  84 162]
[193 166  86 162]
[192 166  87 163]
[193 167  86 164]
[195 169  83 165]
[197 172  82 167]
[200 175  85 169]
[202 180  93 171]
[208 190  90 179]
[195 182 140 175]
[173 155 135 160]
[189 157  83 152]
[186 156  90 151]
[185 159  99 153]
[184 164 113 158]
[184 167 127 165]
[184 168 134 169]
[184 168 130 171]
[186 168 122 169]
[187 167 117 167]
[187 167 118 165]
[188 169 120 166]
[189 172 124 167]
[190 173 129 170]
[190 174 133 171]
[189 173 135 173]
[188 171 133 171]
[188 170 131 170]
[187 169 129 169]
[187 169 127 168]
[187 168 124 167]
[188 168 120 166]
[189 168 115 166]
[190 168 108 166]
[191 167 102 164]
[191 166  98 163]
[190 165  97 162]
[189 164  97 162]
[190 165  96 162]
[190 165  95 162]
[190 165  95 162]
[190 165  95 162]
[190 165  93 163]
[191 164  90 163]
[191 163  86 162]
[190 161  83 159]
[189 159  82 157]
[189 158  80 155]
[189 157  80 154]
[189 158  79 153]
[190 158  77 154]
[191 159  75 154]
[191 160  74 154]
[192 160  74 155]
[192 161  76 156]
[192 161  78 157]
[191 160  80 156]
[191 162  80 157]
[192 163  81 158]
[193 165  81 160]
[194 165  81 161]
[193 164  81 160]
[193 165  82 160]
[193 166  83 161]
[193 166  85 163]
[193 167  85 163]
[194 168  85 165]
[195 168  84 165]
[196 170  83 166]
[197 172  85 167]
[198 176  92 169]
[199 180 105 173]
[204 191 107 182]
[192 181 153 180]
[173 155 136 160]
[189 157  84 152]
[186 157  91 152]
[186 159  98 154]
[184 164 111 158]
[184 166 125 165]
[184 168 131 170]
[185 169 128 171]
[187 169 121 170]
[188 169 119 168]
[188 170 121 167]
[188 170 126 168]
[189 174 131 170]
[188 176 137 174]
[189 177 140 177]
[188 176 140 180]
[188 173 137 177]
[187 172 136 175]
[186 171 135 172]
[186 170 133 170]
[186 170 130 169]
[187 170 127 168]
[189 170 122 168]
[190 170 116 168]
[192 170 109 167]
[192 168 103 165]
[191 167 100 164]
[190 165  98 163]
[190 165  96 163]
[189 165  96 162]
[189 164  96 162]
[189 164  96 162]
[189 164  94 162]
[190 164  91 162]
[191 162  86 161]
[190 160  83 159]
[190 159  81 156]
[189 158  79 154]
[189 157  79 153]
[189 157  79 153]
[190 158  78 153]
[191 159  77 154]
[192 160  75 154]
[192 161  75 155]
[192 161  77 156]
[191 160  79 156]
[190 160  80 156]
[191 162  81 157]
[192 164  81 159]
[194 166  82 162]
[194 166  82 162]
[194 165  83 162]
[193 165  83 161]
[192 166  85 161]
[193 167  84 163]
[195 169  84 165]
[196 170  83 166]
[196 170  83 167]
[196 170  84 166]
[196 171  87 167]
[196 175  98 169]
[195 179 114 174]
[199 192 119 185]
[189 179 161 184]
[172 155 138 160]
[188 158  88 152]
[186 158  93 153]
[187 161  99 154]
[186 165 109 159]
[185 167 122 165]
[185 169 128 169]
[186 170 127 171]
[187 170 122 170]
[188 170 122 169]
[188 171 125 169]
[187 172 130 171]
[188 177 135 173]
[188 180 138 181]
[191 182 136 185]
[191 180 133 187]
[191 178 134 183]
[188 175 137 179]
[187 173 139 175]
[186 172 139 173]
[186 171 138 171]
[187 171 136 170]
[188 172 133 170]
[189 172 127 171]
[191 171 120 170]
[191 170 112 168]
[190 168 106 166]
[190 166 101 164]
[190 165  98 163]
[190 165  97 162]
[189 164  97 161]
[189 164  97 161]
[190 164  96 162]
[190 163  92 162]
[191 162  88 160]
[190 160  83 158]
[190 159  81 156]
[189 158  79 154]
[190 158  79 153]
[190 159  80 153]
[192 162  81 154]
[194 164  81 155]
[195 165  81 156]
[194 165  80 157]
[193 162  80 157]
[192 161  79 157]
[191 161  79 156]
[192 163  80 157]
[193 166  83 160]
[196 170  86 162]
[197 170  87 164]
[195 167  87 164]
[192 165  84 162]
[192 165  83 162]
[193 168  83 163]
[195 169  84 166]
[196 170  84 167]
[196 170  85 167]
[196 170  85 166]
[196 172  90 166]
[196 176 102 169]
[194 180 120 173]
[197 193 124 187]
[188 179 164 186]
[173 158 143 160]
[190 160  94 153]
[188 161  98 155]
[188 163 102 156]
[187 166 109 160]
[186 168 121 165]
[186 170 127 169]
[187 171 127 171]
[188 171 124 171]
[188 171 125 170]
[187 172 129 171]
[188 173 133 173]
[190 182 134 178]
[193 187 132 188]
[198 189 126 191]
[197 186 125 191]
[193 182 131 186]
[189 177 136 181]
[186 174 140 178]
[185 172 142 175]
[185 172 146 173]
[185 173 147 172]
[186 174 144 173]
[187 173 139 174]
[188 172 130 173]
[189 170 120 171]
[189 168 111 168]
[190 167 104 166]
[190 166 100 164]
[190 165  98 163]
[189 164  98 162]
[189 165  98 162]
[190 164  98 162]
[190 163  94 162]
[190 161  90 160]
[190 161  86 157]
[191 161  84 155]
[192 162  84 154]
[194 165  87 154]
[196 169  91 155]
[199 173  97 157]
[200 175 100 160]
[198 172  99 162]
[195 166  91 161]
[192 161  84 159]
[190 159  80 157]
[191 161  78 157]
[192 163  79 158]
[194 166  84 160]
[196 172  96 162]
[197 174 100 167]
[196 171  97 167]
[194 166  84 164]
[192 165  78 162]
[193 168  79 163]
[195 169  83 166]
[194 168  86 166]
[195 168  86 166]
[194 169  87 165]
[194 171  94 166]
[195 175 106 170]
[192 180 126 174]
[196 192 127 188]
[188 179 163 185]
[177 166 154 162]
[193 166 109 157]
[191 165 109 159]
[188 164 107 159]
[188 166 113 161]
[186 168 123 165]
[187 171 131 169]
[187 172 131 172]
[189 173 129 172]
[189 174 130 171]
[188 174 134 172]
[189 177 137 176]
[192 187 134 181]
[198 192 128 193]
[202 191 123 194]
[198 188 126 191]
[193 182 130 186]
[189 177 134 181]
[186 175 139 178]
[184 173 145 176]
[183 174 152 174]
[184 174 156 175]
[185 175 155 176]
[186 175 147 177]
[187 173 136 176]
[188 171 124 173]
[189 169 114 170]
[190 167 107 167]
[189 166 102 165]
[190 165  99 163]
[189 165  99 162]
[189 165 100 163]
[189 164  99 163]
[190 164  95 162]
[191 165  93 160]
[194 167  94 158]
[196 170  98 157]
[198 174 104 157]
[200 177 113 159]
[200 179 122 162]
[198 179 131 165]
[196 176 134 169]
[192 169 123 170]
[190 164 102 166]
[189 161  86 160]
[190 159  78 156]
[190 160  77 156]
[190 161  78 157]
[191 164  87 158]
[192 171 110 161]
[193 175 123 168]
[194 171 113 171]
[196 168  88 166]
[195 168  74 163]
[196 168  72 164]
[195 169  74 167]
[193 167  78 168]
[193 166  81 166]
[192 168  87 164]
[193 171  97 165]
[193 175 112 169]
[189 178 134 174]
[195 190 130 187]
[187 179 163 184]
[179 172 171 169]
[193 171 130 167]
[191 168 124 167]
[188 166 116 162]
[187 166 120 162]
[185 168 129 164]
[185 171 137 168]
[187 174 139 172]
[189 177 139 173]
[190 178 141 173]
[190 177 143 175]
[190 179 143 178]
[193 188 139 184]
[198 190 133 193]
[198 188 132 192]
[194 184 135 188]
[191 180 136 183]
[189 178 135 180]
[188 176 139 177]
[186 175 146 176]
[184 176 157 176]
[183 176 164 177]
[183 176 164 179]
[185 176 153 180]
[187 175 139 179]
[189 174 126 176]
[190 171 117 172]
[190 169 110 168]
[190 167 105 166]
[190 166 100 165]
[190 165  99 163]
[189 166  99 164]
[190 166  99 164]
[192 167  99 162]
[193 169 103 161]
[194 172 113 161]
[195 174 125 163]
[193 175 137 166]
[190 173 147 169]
[184 169 154 172]
[179 165 159 174]
[177 164 152 175]
[179 162 131 174]
[184 160 103 167]
[188 159  82 159]
[189 157  76 154]
[189 158  75 154]
[189 159  77 154]
[188 161  87 156]
[185 167 120 158]
[187 171 141 170]
[187 169 131 175]
[194 171  99 171]
[196 166  72 164]
[196 168  69 163]
[198 170  68 165]
[198 170  68 167]
[196 170  74 165]
[195 171  84 164]
[194 173 100 165]
[193 176 118 169]
[188 178 140 174]
[195 190 134 186]
[187 180 165 184]
[175 174 187 176]
[189 173 148 177]
[189 171 136 173]
[188 168 126 166]
[186 167 128 164]
[185 168 136 166]
[185 173 144 169]
[187 178 153 173]
[189 179 158 176]
[189 180 160 177]
[188 179 159 178]
[188 180 154 180]
[190 186 149 184]
[193 185 144 189]
[193 184 144 187]
[189 180 145 184]
[189 178 142 181]
[188 177 140 179]
[188 177 143 177]
[186 178 151 177]
[184 178 163 178]
[182 177 172 180]
[181 177 170 182]
[185 178 157 182]
[188 177 141 181]
[190 175 129 178]
[190 172 121 174]
[190 170 114 170]
[190 168 108 167]
[191 167 101 166]
[190 167  98 165]
[190 166  97 165]
[190 165  98 165]
[189 164 101 164]
[187 163 112 163]
[183 163 127 165]
[177 161 143 168]
[172 159 153 171]
[167 155 156 172]
[164 152 153 171]
[164 152 148 169]
[169 158 138 169]
[177 160 118 170]
[185 159  95 165]
[188 157  78 157]
[188 156  75 152]
[189 156  75 152]
[189 158  76 152]
[187 159  85 153]
[181 163 121 155]
[180 168 151 166]
[184 174 144 178]
[192 170 108 176]
[198 164  71 164]
[195 167  68 162]
[198 169  65 164]
[201 172  64 166]
[200 172  71 165]
[198 175  82 166]
[195 175 104 168]
[193 177 127 170]
[188 178 149 175]
[195 192 140 187]
[187 179 168 186]
[174 171 187 182]
[187 174 149 184]
[187 173 143 178]
[187 171 136 169]
[186 169 136 167]
[185 171 141 168]
[186 176 153 171]
[184 178 170 175]
[183 178 183 178]
[182 178 184 179]
[183 178 177 180]
[185 180 169 181]
[187 182 161 183]
[188 181 157 185]
[188 180 155 184]
[187 178 152 182]
[186 177 148 180]
[187 177 148 178]
[187 178 151 177]
[186 179 160 178]
[183 178 171 180]
[181 177 178 182]
[180 177 174 184]
[184 178 160 184]
[188 178 145 183]
[189 177 134 180]
[190 174 125 176]
[190 171 118 172]
[190 169 111 169]
[191 169 102 168]
[192 168  97 167]
[191 167  95 166]
[189 165  95 165]
[186 162  99 163]
[181 158 109 161]
[174 155 121 162]
[168 152 130 163]
[166 151 132 164]
[166 150 126 163]
[169 151 117 161]
[173 154 111 159]
[179 161 110 160]
[183 161 101 165]
[188 159  88 162]
[189 156  75 154]
[188 155  74 150]
[188 155  75 150]
[189 157  77 151]
[187 158  84 152]
[181 161 115 153]
[179 168 151 163]
[181 176 154 179]
[194 170 113 179]
[201 167  76 165]
[195 163  71 160]
[193 164  71 158]
[194 166  71 161]
[197 170  76 163]
[197 175  87 166]
[196 178 108 172]
[193 178 132 176]
[187 179 147 184]
[193 190 137 195]
[187 176 161 189]
[173 172 175 181]
[189 175 140 186]
[189 175 146 182]
[187 175 147 174]
[187 174 144 171]
[187 176 149 172]
[184 177 167 174]
[179 176 188 177]
[175 175 202 179]
[175 174 202 180]
[177 176 194 181]
[181 178 184 181]
[182 179 175 182]
[183 178 170 182]
[183 177 166 181]
[184 177 160 181]
[185 177 155 179]
[186 178 156 178]
[185 179 163 178]
[183 179 172 180]
[180 178 179 182]
[179 176 180 184]
[179 176 173 184]
[183 178 161 184]
[187 178 149 183]
[189 177 138 181]
[189 174 129 177]
[190 172 122 173]
[190 170 114 171]
[192 170 105 169]
[192 169  99 167]
[192 167  95 166]
[192 166  92 164]
[190 164  92 162]
[186 160  94 160]
[181 156  98 158]
[178 154  99 157]
[178 153  96 156]
[180 153  92 155]
[182 153  88 153]
[183 154  90 151]
[185 161  96 154]
[186 159  94 161]
[189 158  85 160]
[189 157  75 153]
[189 156  75 150]
[188 155  78 149]
[188 157  80 150]
[187 158  86 151]
[184 161 111 152]
[180 168 149 160]
[182 173 157 179]
[195 173 118 183]
[199 172  82 172]
[197 162  69 163]
[191 160  75 155]
[192 161  77 156]
[193 167  81 160]
[194 173  92 165]
[194 178 110 174]
[189 178 129 180]
[187 181 135 187]
[193 187 123 195]
[188 175 153 184]
[180 178 155 180]
[198 185 122 190]
[193 180 144 188]
[188 178 156 180]
[188 179 157 176]
[187 180 164 176]
[182 177 182 177]
[175 174 199 178]
[170 173 209 180]
[171 172 210 180]
[172 174 206 181]
[175 175 197 181]
[179 177 187 181]
[180 177 180 181]
[181 177 175 181]
[183 177 168 180]
[185 179 164 180]
[184 179 169 178]
[182 179 177 179]
[179 178 184 181]
[178 177 184 183]
[179 176 177 185]
[180 175 169 184]
[182 177 160 183]
[184 177 152 182]
[187 176 142 180]
[188 174 133 177]
[189 173 126 175]
[190 171 118 173]
[190 169 108 170]
[191 167 102 167]
[191 166  98 165]
[192 166  94 163]
[191 164  91 162]
[189 159  88 159]
[186 156  85 155]
[185 154  83 152]
[185 154  81 150]
[186 154  81 149]
[186 154  83 149]
[185 154  88 149]
[187 161  93 153]
[187 159  90 160]
[189 158  84 159]
[188 156  77 152]
[188 155  78 150]
[187 154  81 149]
[187 156  84 149]
[187 158  88 152]
[185 162 110 154]
[180 168 148 160]
[182 172 160 180]
[191 180 123 184]
[196 175  84 180]
[201 162  67 166]
[191 159  75 155]
[191 161  76 156]
[191 164  83 159]
[191 170  96 164]
[193 177 105 173]
[192 182 112 184]
[196 186 108 192]
[199 184 101 194]
[189 174 143 179]
[188 186 140 182]
[208 196 107 194]
[202 190 135 198]
[190 182 162 189]
[186 180 172 182]
[183 179 182 179]
[178 176 195 179]
[173 175 205 180]
[172 175 206 183]
[171 174 206 184]
[171 173 207 183]
[172 174 204 182]
[175 175 198 181]
[178 176 191 181]
[180 178 185 181]
[182 179 181 181]
[183 180 179 181]
[181 179 185 180]
[178 177 192 180]
[176 176 192 182]
[177 175 185 183]
[179 175 174 184]
[180 175 165 182]
[182 176 159 181]
[184 177 153 181]
[186 175 145 180]
[187 174 136 178]
[187 172 129 175]
[189 170 119 174]
[189 168 110 170]
[189 166 103 167]
[189 164 101 164]
[189 165  99 163]
[189 162  94 163]
[189 159  87 159]
[187 156  81 154]
[187 155  79 150]
[188 155  79 149]
[187 154  81 149]
[186 153  84 149]
[184 153  89 149]
[187 162  92 153]
[188 161  89 159]
[190 158  84 158]
[188 155  80 151]
[186 152  81 149]
[185 153  83 148]
[185 156  85 149]
[187 158  89 153]
[186 163 110 155]
[180 169 147 160]
[183 175 160 182]
[193 188 119 187]
[201 181  78 188]
[204 166  63 169]
[191 161  75 155]
[191 161  77 155]
[190 162  83 157]
[189 167  94 162]
[194 178  97 172]
[196 185  97 184]
[202 188  92 190]
[201 181  90 186]
[188 173 140 171]
[192 192 132 185]
[216 206  93 202]
[212 202 121 210]
[194 189 158 200]
[184 180 180 188]
[176 177 197 181]
[174 175 205 181]
[173 176 206 183]
[176 179 196 189]
[177 181 188 192]
[176 178 190 192]
[174 175 198 187]
[173 174 203 183]
[175 176 200 181]
[177 177 196 183]
[178 178 193 183]
[179 177 194 182]
[176 176 200 181]
[174 175 202 181]
[174 174 197 182]
[175 174 186 183]
[179 173 172 182]
[180 175 163 180]
[182 175 158 180]
[184 176 153 181]
[185 175 146 180]
[186 174 137 178]
[187 173 129 176]
[189 171 119 174]
[189 169 110 170]
[189 165 105 166]
[187 162 103 162]
[188 165 103 161]
[188 161  96 163]
[188 158  88 159]
[187 155  81 152]
[187 154  80 150]
[187 154  82 150]
[186 153  83 149]
[185 153  84 150]
[184 153  87 149]
[187 162  91 153]
[188 160  90 159]
[189 158  86 158]
[187 153  81 151]
[185 152  80 148]
[185 154  81 148]
[187 158  83 151]
[189 161  87 155]
[189 167 107 158]
[182 172 147 162]
[184 179 161 183]
[194 189 122 190]
[203 182  79 188]
[204 168  66 168]
[191 160  77 155]
[191 160  77 156]
[190 162  83 157]
[191 166  91 161]
[196 180  90 172]
[200 187  88 185]
[207 189  83 189]
[204 182  83 185]
[190 175 136 170]
[192 192 133 184]
[217 209  92 203]
[215 209 116 211]
[200 196 152 205]
[186 182 179 192]
[174 176 201 184]
[171 174 208 182]
[174 178 204 185]
[182 188 180 195]
[190 195 157 205]
[190 192 155 206]
[182 182 178 197]
[174 175 200 186]
[172 175 206 182]
[173 176 203 183]
[174 176 202 184]
[173 176 204 183]
[172 175 207 183]
[172 174 206 182]
[173 173 197 183]
[175 172 182 183]
[178 172 168 181]
[179 173 159 179]
[181 175 156 179]
[183 175 151 180]
[185 175 144 180]
[186 174 135 179]
[187 172 126 177]
[189 171 118 174]
[190 169 111 170]
[189 166 105 166]
[188 163 104 162]
[188 165 103 162]
[188 160  96 163]
[188 157  86 159]
[186 154  80 151]
[186 153  81 149]
[185 154  83 149]
[185 153  82 150]
[185 153  82 149]
[184 153  87 148]
[186 160  93 151]
[186 158  92 158]
[187 156  87 157]
[186 152  80 150]
[186 153  78 148]
[187 156  79 148]
[189 159  81 152]
[191 164  85 157]
[190 170 109 160]
[183 174 151 164]
[184 180 168 183]
[190 184 132 189]
[198 176  91 186]
[199 164  71 166]
[189 159  77 155]
[190 160  79 155]
[190 162  83 157]
[192 167  87 162]
[198 181  85 172]
[205 192  82 187]
[212 195  77 193]
[208 186  77 189]
[192 177 132 172]
[188 186 135 181]
[213 202  97 199]
[213 207 119 209]
[202 198 147 209]
[191 188 168 199]
[177 179 191 191]
[173 174 202 186]
[176 180 199 188]
[191 198 165 201]
[207 214 125 217]
[211 211 118 220]
[196 194 155 207]
[179 179 193 190]
[171 175 208 182]
[172 176 207 182]
[174 177 205 183]
[173 177 206 183]
[172 175 208 183]
[172 174 205 183]
[174 173 194 184]
[176 171 176 183]
[178 171 160 180]
[180 172 153 178]
[181 174 150 179]
[183 174 146 180]
[185 174 139 180]
[185 172 131 178]
[186 171 121 175]
[187 169 115 172]
[188 167 111 170]
[188 165 107 166]
[187 163 105 162]
[189 166 103 162]
[189 162  95 164]
[189 158  86 158]
[187 155  80 151]
[186 154  81 148]
[186 154  82 149]
[186 154  81 150]
[186 153  81 149]
[185 153  87 147]
[186 159  95 150]
[185 158  95 157]
[187 156  87 156]
[187 154  79 150]
[187 154  77 149]
[187 156  77 150]
[189 159  79 153]
[192 166  88 157]
[191 173 117 160]
[183 175 160 167]
[181 177 178 180]
[186 179 143 189]
[195 172  97 184]
[197 160  68 164]
[190 161  75 156]
[190 160  80 155]
[190 162  82 157]
[193 168  84 163]
[201 184  81 174]
[212 200  76 192]
[220 206  70 201]
[217 196  68 199]
[197 182 126 177]
[185 180 136 178]
[206 192  99 192]
[204 199 125 203]
[199 198 140 209]
[196 197 148 207]
[187 189 162 202]
[179 180 184 193]
[178 181 193 191]
[196 203 158 205]
[218 225 109 224]
[225 223  97 229]
[206 202 141 213]
[183 181 189 193]
[171 174 210 182]
[170 174 211 181]
[172 175 208 183]
[173 176 206 184]
[173 175 206 184]
[173 175 202 184]
[175 174 189 185]
[178 172 168 182]
[181 172 151 178]
[181 172 146 176]
[182 173 144 177]
[184 173 141 178]
[184 173 134 178]
[185 170 125 176]
[186 168 115 173]
[186 166 108 169]
[186 166 107 167]
[187 165 106 165]
[187 163 106 163]
[190 168 103 163]
[191 164  96 165]
[191 160  88 160]
[188 156  81 152]
[186 154  80 149]
[186 153  81 150]
[186 152  81 150]
[185 152  81 148]
[184 152  87 147]
[185 159  97 150]
[185 159  98 157]
[188 158  89 156]
[188 156  80 150]
[189 157  79 149]
[189 160  79 151]
[194 164  80 154]
[196 173  95 157]
[192 177 132 162]
[182 174 176 170]
[177 175 190 179]
[186 182 146 190]
[199 174  93 186]
[204 165  60 167]
[194 164  73 159]
[191 160  79 156]
[190 161  81 157]
[193 168  81 162]
[202 186  80 175]
[216 205  73 198]
[226 215  66 212]
[223 204  63 211]
[200 186 122 183]
[185 178 133 176]
[204 190  94 186]
[203 198 117 199]
[204 202 123 211]
[206 208 120 216]
[201 203 127 214]
[190 189 157 202]
[183 182 180 195]
[196 203 159 205]
[217 224 111 224]
[226 225  95 230]
[208 203 138 215]
[184 181 188 193]
[170 172 213 181]
[168 172 215 180]
[170 174 211 181]
[172 175 207 183]
[172 175 206 183]
[173 175 199 184]
[176 174 184 185]
[180 173 162 182]
[183 172 147 177]
[184 173 141 175]
[184 172 139 177]
[184 171 136 176]
[185 171 129 175]
[185 168 121 174]
[187 166 108 170]
[188 166 101 166]
[188 166 102 165]
[187 165 104 164]
[187 163 105 163]
[190 168 105 163]
[190 164 101 165]
[190 160  93 161]
[188 156  85 153]
[187 154  82 149]
[186 154  82 149]
[186 153  81 148]
[186 154  81 148]
[186 155  89 147]
[186 163  99 151]
[187 164 103 159]
[192 164  96 158]
[194 165  90 154]
[197 169  89 154]
[199 173  88 157]
[203 179  94 159]
[201 182 118 162]
[190 179 161 166]
[177 173 196 173]
[173 173 199 178]
[190 186 146 193]
[206 179  88 189]
[211 172  56 172]
[196 166  73 163]
[192 161  80 157]
[191 162  79 158]
[194 168  79 161]
[202 187  79 175]
[216 206  74 198]
[226 218  69 216]
[224 208  63 217]
[201 189 120 188]
[186 178 132 176]
[207 193  84 186]
[208 201 102 198]
[214 210 105 213]
[216 218 100 221]
[216 217  99 223]
[204 200 127 210]
[191 188 164 201]
[195 201 159 206]
[215 222 116 222]
[225 224  97 229]
[208 203 136 216]
[184 182 185 195]
[170 173 211 182]
[169 173 214 181]
[170 173 211 182]
[171 174 208 183]
[171 173 205 183]
[173 174 196 183]
[175 173 180 184]
[179 171 160 181]
[182 171 145 176]
[183 171 140 174]
[184 171 137 175]
[185 170 133 174]
[186 171 125 173]
[186 168 116 172]
[189 166 104 168]
[189 165  99 164]
[189 166 100 163]
[188 165 103 163]
[187 163 106 162]
[188 168 109 162]
[189 164 107 165]
[190 162 101 161]
[189 160  92 154]
[190 160  89 150]
[191 161  90 149]
[193 162  91 149]
[194 165  95 149]
[195 169 104 150]
[195 176 118 154]
[196 178 126 163]
[199 179 125 162]
[201 180 124 160]
[203 183 125 162]
[205 186 126 165]
[204 187 136 168]
[194 182 162 170]
[180 174 193 172]
[170 169 211 174]
[170 172 205 178]
[191 185 151 193]
[206 178  92 189]
[211 175  62 174]
[194 165  77 164]
[190 161  81 157]
[191 162  79 158]
[194 168  80 160]
[202 185  80 174]
[215 203  76 195]
[223 216  73 216]
[223 208  64 217]
[202 190 118 189]
[185 177 131 176]
[208 191  79 186]
[210 201  93 197]
[218 212  95 214]
[221 220  90 223]
[223 222  83 227]
[214 208 107 215]
[199 194 149 205]
[197 200 155 207]
[212 218 122 219]
[224 224 100 228]
[210 206 130 217]
[187 185 176 199]
[172 175 203 186]
[170 174 209 183]
[170 173 211 182]
[170 173 209 182]
[170 172 203 182]
[173 173 191 182]
[176 172 175 183]
[180 171 156 179]
[182 170 143 175]
[183 171 139 173]
[184 171 135 174]
[185 170 132 173]
[188 172 125 172]
[189 170 116 171]
[191 168 106 168]
[190 167 103 163]
[190 169 106 163]
[191 168 109 164]
[190 168 113 161]
[191 173 120 162]
[193 172 122 164]
[195 173 120 163]
[197 173 116 157]
[198 175 116 155]
[199 176 121 156]
[199 176 126 156]
[199 177 132 158]
[196 178 144 160]
[193 179 158 165]
[191 178 167 171]
[190 178 170 172]
[190 178 172 172]
[191 179 173 174]
[190 180 176 176]
[184 177 186 176]
[177 172 202 175]
[169 167 215 174]
[164 166 220 173]
[169 172 208 178]
[187 180 161 188]
[204 178 101 187]
[206 174  75 174]
[194 164  76 165]
[190 160  80 157]
[190 161  81 157]
[192 166  84 159]
[199 180  84 172]
[210 200  79 190]
[219 213  75 213]
[223 206  63 216]
[201 190 117 189]
[186 177 130 177]
[208 190  77 185]
[208 199  90 194]
[217 210  93 211]
[221 218  85 222]
[224 221  78 227]
[216 212  96 217]
[203 196 132 209]
[200 198 141 210]
[207 213 121 219]
[221 221 100 228]
[212 208 122 220]
[195 192 157 207]
[180 182 182 195]
[174 177 193 191]
[172 173 204 186]
[171 172 207 182]
[172 173 199 181]
[175 174 185 182]
[178 174 170 182]
[182 172 153 178]
[184 172 144 174]
[186 173 140 172]
[187 174 138 173]
[187 173 138 172]
[190 176 133 171]
[192 177 129 171]
[197 179 123 168]
[197 178 123 164]
[197 179 128 164]
[196 178 134 165]
[195 178 140 164]
[194 180 148 165]
[194 178 153 169]
[193 178 155 169]
[193 177 156 168]
[192 176 161 167]
[189 175 167 168]
[187 173 173 169]
[183 171 180 169]
[179 171 190 169]
[175 170 200 172]
[172 169 208 173]
[170 169 211 173]
[169 168 213 173]
[168 168 215 173]
[167 167 217 173]
[165 167 220 173]
[164 166 222 173]
[163 165 223 173]
[163 165 223 173]
[169 173 209 178]
[184 173 167 186]
[200 177 110 185]
[199 174  81 176]
[199 165  73 167]
[191 161  80 157]
[189 160  82 157]
[189 163  87 157]
[195 173  89 168]
[205 195  81 185]
[213 206  73 209]
[220 202  59 213]
[199 188 117 186]
[187 179 127 178]
[210 190  74 186]
[208 197  86 192]
[218 210  87 209]
[224 218  79 221]
[225 218  74 225]
[217 211  88 215]
[206 197 113 209]
[203 198 120 210]
[207 210 109 218]
[220 219  95 225]
[217 212 109 224]
[205 203 134 216]
[193 197 153 206]
[187 186 172 198]
[178 177 196 188]
[171 172 207 181]
[173 174 200 180]
[177 176 187 181]
[181 177 174 180]
[185 177 163 177]
[187 177 157 173]
[189 179 156 172]
[189 179 156 173]
[189 178 157 172]
[190 180 159 172]
[191 180 159 173]
[193 180 159 173]
[191 178 161 171]
[190 177 165 171]
[187 175 171 172]
[184 173 177 172]
[180 172 184 172]
[178 169 189 173]
[176 169 192 174]
[174 168 192 174]
[172 165 191 175]
[169 165 190 178]
[167 162 189 177]
[167 165 189 179]
[165 165 199 177]
[165 165 209 176]
[163 165 219 174]
[162 165 224 173]
[162 165 224 173]
[162 165 225 173]
[162 165 225 173]
[162 165 225 173]
[162 165 225 173]
[162 165 224 173]
[162 165 223 173]
[168 171 212 177]
[180 171 173 185]
[198 183 113 184]
[200 178  80 183]
[203 167  69 170]
[191 161  79 158]
[189 159  82 156]
[188 161  88 156]
[191 168  90 164]
[200 188  83 178]
[210 200  76 197]
[219 199  62 202]
[198 187 121 181]
[189 182 127 179]
[211 191  72 187]
[210 198  82 192]
[218 211  82 207]
[226 221  75 221]
[227 219  70 225]
[221 212  78 217]
[214 204  88 211]
[215 209  87 215]
[219 217  82 222]
[226 223  79 227]
[223 221  95 227]
[216 216 113 222]
[208 208 135 213]
[196 194 166 200]
[181 178 199 187]
[170 172 212 179]
[171 173 207 178]
[175 175 198 179]
[179 175 189 179]
[181 176 184 177]
[182 175 182 175]
[182 175 182 175]
[182 175 183 175]
[181 174 185 175]
[179 174 187 176]
[177 170 191 176]
[175 169 192 176]
[172 168 193 177]
[172 166 191 176]
[170 165 191 177]
[168 163 191 178]
[167 161 184 182]
[165 159 178 183]
[163 158 175 183]
[163 160 172 184]
[166 161 163 185]
[168 164 156 186]
[170 163 153 180]
[171 173 159 181]
[171 172 175 179]
[170 169 195 178]
[164 166 218 175]
[162 165 225 172]
[161 164 226 172]
[161 164 226 172]
[161 164 226 172]
[162 164 226 172]
[162 165 225 173]
[162 165 224 173]
[163 165 223 173]
[166 169 215 176]
[182 175 174 186]
[199 193 111 189]
[205 184  74 191]
[206 169  69 173]
[191 161  82 158]
[191 160  83 156]
[190 162  87 156]
[192 167  89 162]
[198 182  84 173]
[205 190  81 189]
[213 192  69 194]
[196 184 123 180]
[190 183 127 181]
[214 192  74 188]
[212 198  85 191]
[219 211  85 202]
[227 222  81 218]
[230 224  74 225]
[230 222  69 222]
[231 223  64 220]
[234 228  58 225]
[237 232  58 230]
[236 232  69 230]
[229 227  92 226]
[220 219 119 218]
[207 204 152 207]
[189 187 186 193]
[174 174 211 182]
[166 168 220 176]
[167 169 217 176]
[169 170 212 177]
[171 170 207 177]
[171 170 205 176]
[171 170 203 177]
[171 169 200 178]
[171 169 196 179]
[170 169 195 180]
[170 168 191 182]
[168 165 189 182]
[169 167 180 184]
[166 164 176 186]
[170 163 163 183]
[168 166 164 184]
[169 165 158 182]
[173 169 148 183]
[177 170 138 180]
[179 171 129 180]
[179 174 124 184]
[185 178 105 186]
[193 181  95 191]
[194 181 101 185]
[191 188 121 189]
[188 183 146 185]
[179 176 180 182]
[167 168 214 176]
[162 164 226 172]
[161 164 227 172]
[161 164 226 172]
[162 164 226 172]
[161 164 226 172]
[162 165 226 173]
[162 165 224 173]
[163 165 223 173]
[165 166 216 175]
[182 180 175 187]
[199 196 114 194]
[210 188  74 195]
[206 171  73 174]
[192 162  84 159]
[193 163  84 159]
[193 165  86 160]
[195 170  86 166]
[197 178  85 172]
[200 182  88 181]
[207 190  76 187]
[194 183 125 179]
[189 181 129 181]
[212 191  79 189]
[209 194  91 191]
[215 206  97 199]
[220 216 101 211]
[228 224  94 219]
[236 232  79 224]
[244 239  62 230]
[248 244  51 237]
[247 242  56 238]
[239 235  76 234]
[225 221 108 224]
[209 204 145 212]
[189 186 181 197]
[175 174 206 186]
[166 168 219 179]
[164 166 220 177]
[165 167 215 179]
[166 168 210 180]
[168 169 205 181]
[168 169 202 181]
[169 170 197 183]
[170 170 190 183]
[172 172 183 183]
[174 175 177 184]
[178 178 167 188]
[178 176 159 188]
[183 183 143 189]
[186 179 132 192]
[192 179 120 184]
[187 184 122 187]
[192 182 115 185]
[199 187 100 191]
[201 184  92 189]
[203 189  85 188]
[205 188  79 191]
[215 195  61 190]
[215 193  60 192]
[209 195  78 186]
[199 192 105 192]
[194 186 138 187]
[183 177 177 183]
[167 168 214 176]
[161 164 226 172]
[161 164 227 172]
[161 164 226 172]
[161 164 226 172]
[161 165 226 172]
[162 165 225 173]
[162 165 224 173]
[162 165 223 173]
[165 166 217 175]
[182 183 177 187]
[197 195 120 196]
[209 187  82 196]
[204 173  79 174]
[194 166  85 162]
[194 168  85 162]
[195 171  86 165]
[199 176  82 172]
[201 183  81 177]
[206 186  80 185]
[211 193  69 189]
[197 185 121 181]
[188 181 127 181]
[209 188  78 188]
[205 191  95 189]
[206 199 110 194]
[209 205 125 203]
[216 213 126 213]
[225 226 109 223]
[237 236  84 234]
[244 242  69 241]
[241 237  73 240]
[230 226  96 232]
[211 208 131 217]
[192 190 169 201]
[177 178 196 188]
[169 172 210 182]
[166 169 213 180]
[166 169 212 179]
[168 172 204 181]
[170 174 198 182]
[173 176 191 184]
[174 178 185 186]
[178 178 177 188]
[180 178 167 188]
[184 181 159 187]
[188 186 152 191]
[193 191 140 196]
[195 189 128 197]
[205 200 108 198]
[209 195  99 202]
[213 194  93 191]
[206 196 100 196]
[206 192  98 192]
[205 186  91 189]
[202 183  89 183]
[203 191  82 184]
[208 185  75 190]
[216 190  66 186]
[214 191  71 187]
[210 194  84 184]
[203 195 101 192]
[194 187 137 188]
[182 176 176 183]
[167 168 213 176]
[161 164 226 172]
[161 164 226 172]
[161 164 227 172]
[161 164 226 172]
[162 165 225 173]
[162 165 225 173]
[162 165 224 173]
[162 165 223 173]
[165 167 217 175]
[180 182 181 185]
[193 190 130 195]
[205 185  93 193]
[201 173  81 175]
[197 171  83 168]
[197 172  83 168]
[198 175  83 171]
[202 180  78 177]
[205 188  74 183]
[211 189  71 190]
[213 195  64 193]
[197 184 119 182]
[189 181 121 180]
[210 190  69 187]
[205 192  88 188]
[202 196 113 191]
[199 193 144 196]
[197 196 159 201]
[204 208 145 210]
[219 221 116 223]
[228 228  96 232]
[227 226  97 231]
[218 217 115 224]
[204 203 142 211]
[190 190 171 199]
[180 181 190 190]
[174 177 200 186]
[173 174 202 184]
[174 176 197 185]
[176 179 188 187]
[179 180 182 188]
[182 183 178 188]
[184 186 171 190]
[189 186 159 194]
[191 184 148 192]
[191 186 146 190]
[192 189 143 193]
[197 194 132 197]
[200 192 120 198]
[209 201 106 198]
[210 196 103 200]
[211 197 102 195]
[202 192 107 198]
[201 186  98 192]
[203 184  92 187]
[204 183  91 182]
[206 190  84 182]
[208 187  78 189]
[209 182  80 184]
[203 185  86 186]
[203 190  93 185]
[205 192 103 191]
[194 187 134 188]
[181 175 175 182]
[167 168 213 177]
[162 165 225 173]
[161 164 226 172]
[161 164 226 172]
[161 164 226 172]
[162 165 225 173]
[162 165 224 173]
[162 165 222 173]
[162 165 222 173]
[165 167 217 175]
[177 178 188 183]
[190 189 137 195]
[203 183  93 194]
[203 172  72 181]
[196 172  78 173]
[196 172  79 170]
[198 175  79 173]
[202 180  76 178]
[206 188  72 184]
[210 188  68 188]
[213 195  60 192]
[197 182 117 179]
[189 180 122 178]
[211 190  68 184]
[208 192  86 185]
[202 194 116 187]
[193 189 153 191]
[189 188 172 194]
[194 198 163 201]
[207 211 137 213]
[218 220 115 223]
[220 220 112 224]
[214 212 125 218]
[202 201 148 207]
[190 190 172 199]
[182 183 187 191]
[178 180 193 189]
[176 176 195 186]
[177 179 188 187]
[179 182 181 188]
[182 180 178 189]
[183 182 177 189]
[185 185 167 191]
[191 187 151 196]
[193 185 142 194]
[191 184 141 192]
[191 186 141 191]
[196 191 134 196]
[198 190 124 194]
[206 199 114 195]
[206 196 119 197]
[209 200 115 196]
[204 195 110 197]
[206 188  94 190]
[203 188  95 187]
[201 183  96 183]
[207 190  84 187]
[209 191  78 192]
[207 183  77 185]
[204 186  86 185]
[200 188  98 187]
[204 193 104 191]
[196 188 133 188]
[184 177 175 182]
[168 168 213 177]
[162 165 225 173]
[161 164 226 172]
[161 165 226 172]
[161 165 226 172]
[162 165 225 173]
[163 165 223 174]
[163 165 219 174]
[163 166 219 175]
[165 166 216 175]
[173 174 194 180]
[192 190 139 196]
[206 183  84 194]
[210 177  57 182]
[197 173  70 173]
[196 170  72 169]
[197 173  72 171]
[199 177  73 175]
[202 181  74 179]
[208 184  69 182]
[211 191  62 188]
[197 182 117 175]
[185 177 131 176]
[207 186  78 180]
[206 189  95 182]
[200 191 124 184]
[191 187 158 189]
[187 186 176 192]
[190 193 171 197]
[200 205 151 206]
[210 212 134 213]
[212 213 132 215]
[207 204 143 210]
[196 196 161 201]
[186 188 178 195]
[182 183 187 191]
[179 181 190 190]
[178 178 190 188]
[181 181 182 188]
[181 183 175 189]
[183 181 173 190]
[181 181 174 189]
[184 184 165 189]
[191 189 146 196]
[195 189 135 196]
[195 185 131 192]
[191 185 139 189]
[194 188 138 191]
[195 188 133 191]
[202 197 126 193]
[201 196 137 195]
[209 200 130 199]
[208 197 116 199]
[211 192  97 191]
[205 188 101 187]
[203 187 101 184]
[207 194  89 188]
[215 197  73 196]
[215 189  65 189]
[210 197  81 188]
[205 194  97 188]
[207 197 109 190]
[197 191 138 188]
[184 178 179 182]
[167 168 214 176]
[162 165 226 172]
[161 164 226 172]
[161 164 226 172]
[161 164 226 172]
[162 165 225 173]
[163 166 222 174]
[164 167 216 174]
[165 167 214 175]
[165 166 213 175]
[172 175 195 181]
[195 190 137 197]
[212 183  75 194]
[214 181  53 181]
[199 171  66 170]
[197 169  69 165]
[198 171  69 166]
[199 174  72 169]
[200 175  75 173]
[203 181  73 176]
[206 187  65 184]
[196 179 118 173]
[180 170 134 174]
[199 177  85 177]
[197 181 106 179]
[193 185 134 182]
[188 184 163 187]
[185 184 179 191]
[185 189 179 193]
[192 195 168 199]
[198 200 160 203]
[199 200 159 203]
[195 194 164 201]
[189 188 172 196]
[182 184 181 193]
[181 182 186 190]
[181 182 188 190]
[180 179 187 188]
[182 184 182 189]
[181 182 175 187]
[184 184 172 187]
[185 184 170 189]
[187 187 161 189]
[195 195 142 197]
[201 194 129 198]
[203 190 126 194]
[194 185 138 188]
[193 188 142 190]
[193 186 137 190]
[198 196 135 193]
[193 189 157 193]
[198 190 155 195]
[196 185 140 193]
[204 189 116 189]
[203 190 115 187]
[206 193 115 187]
[214 205 104 190]
[222 203  90 194]
[224 204  87 188]
[213 204 103 187]
[209 200 113 188]
[205 198 129 189]
[195 188 155 187]
[181 177 189 181]
[166 167 217 175]
[162 164 226 172]
[161 164 227 172]
[161 164 227 172]
[161 164 226 172]
[162 164 225 172]
[163 166 221 174]
[166 168 213 176]
[167 167 209 176]
[167 168 209 175]
[174 178 192 183]
[194 183 138 195]
[209 178  83 189]
[206 174  67 174]
[195 166  68 164]
[195 165  69 162]
[196 167  69 163]
[197 170  72 166]
[197 170  78 168]
[200 179  75 172]
[203 183  66 180]
[195 177 118 171]
[181 171 133 170]
[199 177  87 170]
[194 182 110 174]
[189 185 138 180]
[186 183 164 186]
[184 183 180 189]
[182 185 185 189]
[184 187 183 192]
[185 186 183 193]
[185 187 182 193]
[184 187 182 192]
[184 184 182 190]
[182 183 184 189]
[180 183 187 188]
[180 181 190 188]
[180 180 189 187]
[180 181 187 188]
[183 180 178 187]
[184 184 176 187]
[187 185 172 191]
[189 187 163 190]
[196 195 148 196]
[202 197 138 197]
[202 191 139 191]
[195 187 151 186]
[192 188 150 189]
[193 189 142 189]
[196 196 144 193]
[186 182 172 189]
[188 179 173 189]
[186 178 158 187]
[196 185 132 183]
[198 190 137 184]
[202 191 145 185]
[205 199 147 188]
[210 194 140 190]
[208 199 143 185]
[201 193 151 184]
[201 191 157 184]
[193 191 169 184]
[185 183 184 182]
[175 174 204 178]
[165 166 218 174]
[161 163 223 173]
[160 163 223 173]
[160 163 223 173]
[161 163 222 173]
[161 163 221 174]
[162 164 216 175]
[164 165 208 177]
[166 166 201 177]
[166 166 198 178]
[175 177 176 187]
[190 175 133 193]
[199 171  94 182]
[195 165  81 165]
[193 161  76 157]
[192 161  75 156]
[193 163  75 157]
[193 166  78 160]
[194 167  83 164]
[199 178  78 170]
[204 182  67 177]
[195 178 119 168]
[181 170 133 171]
[199 176  87 171]
[196 182 109 174]
[191 185 135 181]
[186 182 164 186]
[183 180 183 187]
[178 181 194 185]
[178 181 196 187]
[177 179 198 185]
[177 180 199 185]
[179 181 195 186]
[181 182 191 186]
[181 182 193 186]
[179 182 196 185]
[177 178 198 184]
[177 180 199 183]
[177 177 197 183]
[179 179 193 181]
[177 180 196 181]
[180 181 191 183]
[184 186 182 184]
[190 190 172 188]
[194 190 166 189]
[192 186 170 185]
[188 185 177 183]
[191 188 166 188]
[192 190 153 189]
[194 194 151 194]
[184 179 174 189]
[184 176 178 186]
[184 177 162 184]
[193 186 142 182]
[192 185 156 186]
[188 178 180 183]
[181 178 195 181]
[180 175 197 181]
[179 176 200 179]
[178 176 199 181]
[177 175 201 181]
[176 175 203 180]
[171 172 209 178]
[167 167 213 177]
[162 162 213 176]
[159 158 207 175]
[157 156 202 175]
[157 156 200 175]
[156 155 199 176]
[156 155 195 176]
[157 156 191 176]
[161 158 182 177]
[162 160 177 178]
[165 162 173 177]
[178 175 152 185]
[189 175 122 187]
[195 169  96 177]
[191 163  86 163]
[191 161  78 157]
[192 160  74 158]
[193 162  75 158]
[192 164  79 159]
[193 166  86 162]
[197 174  84 168]
[202 179  74 175]
[193 177 125 167]
[175 163 143 166]
[192 170  98 165]
[191 179 114 172]
[190 184 135 181]
[186 181 165 185]
[179 177 190 184]
[173 176 204 181]
[173 176 207 181]
[172 175 210 180]
[171 175 213 180]
[173 175 210 180]
[174 176 209 180]
[172 175 210 180]
[172 175 211 180]
[172 173 211 180]
[172 175 210 180]
[173 173 208 180]
[172 173 208 179]
[171 173 208 179]
[173 173 205 181]
[176 176 197 184]
[177 176 192 185]
[178 174 190 184]
[175 172 194 182]
[173 172 195 181]
[178 176 183 186]
[182 182 162 190]
[190 190 152 194]
[186 178 166 190]
[183 176 178 186]
[183 176 163 184]
[189 185 149 182]
[184 177 170 183]
[174 168 202 176]
[164 166 222 173]
[163 165 225 173]
[162 165 225 173]
[162 165 225 172]
[162 165 225 172]
[162 165 225 172]
[162 165 224 173]
[162 164 216 175]
[161 158 197 176]
[160 153 175 174]
[158 151 161 170]
[157 150 157 169]
[158 151 154 169]
[160 152 151 169]
[165 157 144 172]
[173 168 137 175]
[173 167 136 181]
[176 162 134 177]
[182 174 123 179]
[191 174 110 181]
[196 171  97 176]
[192 164  88 164]
[192 162  79 158]
[192 161  77 157]
[192 163  78 157]
[191 163  82 158]
[191 165  89 160]
[193 170  91 165]
[197 176  82 172]
[189 175 129 166]
[175 162 144 165]
[192 170  98 165]
[192 180 111 172]
[191 185 133 182]
[185 180 166 184]
[176 174 195 181]
[169 172 211 179]
[167 169 215 179]
[166 167 216 178]
[164 166 217 178]
[164 166 217 178]
[165 166 215 179]
[164 166 213 179]
[164 166 211 180]
[163 165 211 179]
[164 165 209 179]
[163 164 207 179]
[163 163 205 179]
[162 163 204 179]
[162 163 202 179]
[164 165 197 180]
[165 165 193 180]
[165 164 190 179]
[164 162 189 178]
[163 161 189 177]
[167 165 182 178]
[178 182 158 186]
[190 191 146 192]
[190 182 157 190]
[182 177 179 187]
[181 177 165 184]
[187 184 153 182]
[183 176 173 181]
[172 168 207 175]
[162 165 226 172]
[161 164 227 172]
[161 164 227 172]
[161 164 226 172]
[161 164 226 172]
[162 164 226 172]
[162 165 224 173]
[165 166 210 176]
[168 161 175 177]
[173 159 138 170]
[175 157 115 164]
[175 156 110 162]
[176 157 108 161]
[178 159 106 162]
[186 169  99 170]
[196 186  91 178]
[195 179  90 191]
[191 165  98 177]
[187 171 106 169]
[191 173 107 173]
[194 174 101 177]
[195 168  88 168]
[194 165  79 161]
[194 164  77 159]
[193 163  79 159]
[192 163  82 159]
[192 165  89 161]
[192 170  94 165]
[197 177  84 172]
[189 176 130 166]
[176 163 142 166]
[193 172  96 166]
[194 181 109 173]
[192 186 132 182]
[185 180 166 184]
[175 173 197 180]
[167 169 214 177]
[164 165 214 177]
[162 163 209 177]
[160 162 205 177]
[159 160 204 176]
[160 161 201 176]
[161 162 197 176]
[163 163 195 176]
[163 164 193 176]
[163 164 191 176]
[162 161 186 177]
[162 160 179 176]
[164 163 177 175]
[167 167 178 176]
[172 170 178 177]
[174 173 175 177]
[176 174 172 177]
[176 172 169 176]
[174 169 167 174]
[176 171 165 174]
[186 187 147 186]
[193 189 141 190]
[192 185 158 188]
[178 175 179 186]
[179 175 164 183]
[185 179 151 181]
[181 174 174 180]
[170 167 208 175]
[161 164 226 172]
[161 164 227 172]
[161 164 226 172]
[161 164 226 172]
[161 164 226 172]
[161 165 226 172]
[162 165 223 173]
[167 167 206 177]
[175 163 164 177]
[182 162 121 168]
[187 159  92 159]
[187 159  87 157]
[186 158  87 156]
[188 160  87 157]
[198 177  79 171]
[209 197  66 184]
[212 191  63 200]
[202 173  77 180]
[190 169  99 163]
[192 175 108 169]
[192 175 105 178]
[198 172  89 173]
[196 167  83 164]
[195 166  81 162]
[194 166  80 161]
[193 165  81 161]
[194 168  88 162]
[195 172  93 168]
[199 178  83 175]
[190 176 129 169]
[177 165 141 167]
[194 172  95 168]
[194 180 109 173]
[192 185 132 181]
[185 180 165 183]
[175 173 197 180]
[167 169 214 177]
[166 167 204 179]
[168 167 187 179]
[170 167 174 178]
[170 166 170 179]
[170 166 165 180]
[171 167 158 181]
[173 168 157 181]
[174 168 160 181]
[174 168 159 180]
[173 166 152 178]
[175 165 142 174]
[177 169 142 174]
[178 171 148 178]
[180 172 153 182]
[181 173 151 185]
[181 173 151 184]
[181 172 148 183]
[180 170 149 178]
[180 171 152 175]
[186 180 145 182]
[187 180 149 185]
[184 178 163 184]
[175 171 174 183]
[179 170 157 181]
[184 177 148 177]
[178 173 175 177]
[169 166 209 174]
[161 164 226 172]
[161 164 227 172]
[161 165 226 173]
[162 165 226 172]
[162 165 226 172]
[162 165 226 172]
[163 165 223 173]
[167 167 206 177]
[175 163 163 177]
[183 162 118 169]
[189 158  87 159]
[189 160  81 157]
[189 159  80 157]
[190 162  80 157]
[200 178  73 172]
[211 197  56 187]
[216 192  51 201]
[205 174  68 180]
[190 168  98 161]
[193 177 109 168]
[193 176 107 179]
[200 175  92 177]
[197 171  85 168]
[198 169  81 168]
[197 170  78 166]
[196 169  77 167]
[196 170  86 165]
[195 174  93 171]
[199 179  84 176]
[190 176 130 169]
[178 167 140 168]
[195 172  93 169]
[194 179 109 172]
[191 185 134 179]
[185 180 167 182]
[175 173 199 179]
[168 169 213 177]
[170 169 195 180]
[176 172 168 180]
[181 173 151 179]
[181 172 146 178]
[181 173 140 177]
[183 173 132 176]
[182 171 134 176]
[180 170 140 175]
[180 168 141 175]
[181 167 133 174]
[184 168 123 170]
[184 171 126 169]
[182 170 135 174]
[179 169 143 176]
[176 169 141 177]
[176 168 141 177]
[176 167 141 175]
[176 167 144 172]
[178 169 149 171]
[180 173 151 176]
[179 170 155 177]
[177 169 162 177]
[174 167 162 179]
[179 168 144 179]
[183 176 142 175]
[179 172 172 175]
[170 167 208 174]
[162 165 225 173]
[161 165 227 173]
[162 165 226 173]
[162 165 226 172]
[161 165 227 172]
[161 164 227 172]
[162 165 224 173]
[167 166 206 177]
[175 164 162 176]
[183 162 115 169]
[190 161  84 159]
[191 162  77 158]
[193 163  75 159]
[193 165  76 159]
[199 175  73 169]
[207 189  63 179]
[209 181  59 187]
[201 170  72 172]
[188 165  99 160]
[193 178 108 169]
[194 178 107 181]
[201 177  93 181]
[198 174  85 173]
[200 173  78 173]
[200 175  73 172]
[200 173  73 171]
[197 173  83 168]
[196 176  91 173]
[201 181  82 178]
[191 177 130 170]
[179 168 139 169]
[198 173  93 169]
[194 180 111 172]
[190 182 139 178]
[183 178 173 181]
[173 172 203 178]
[168 169 213 177]
[172 170 190 181]
[179 173 159 181]
[186 175 139 179]
[187 174 132 180]
[189 176 124 180]
[191 176 116 178]
[190 173 118 177]
[186 171 125 174]
[185 170 129 173]
[184 168 126 172]
[187 169 118 169]
[188 173 119 169]
[187 171 124 174]
[185 170 125 176]
[184 170 118 176]
[184 169 118 174]
[183 168 121 173]
[182 167 129 170]
[181 169 142 170]
[179 166 147 173]
[178 167 148 173]
[177 166 149 175]
[178 165 141 176]
[181 169 128 176]
[184 175 134 173]
[179 172 170 175]
[170 166 207 174]
[162 165 225 173]
[161 165 227 173]
[161 164 226 173]
[161 164 227 172]
[161 164 227 172]
[161 164 227 172]
[162 165 224 173]
[167 167 206 177]
[175 164 161 177]
[184 163 113 170]
[191 161  80 159]
[191 161  76 158]
[192 162  75 158]
[193 165  76 159]
[197 170  76 165]
[201 175  72 171]
[200 169  69 173]
[196 165  76 165]
[189 166  96 160]
[193 179 108 169]
[195 179 106 182]
[201 179  94 182]
[200 178  82 176]
[204 179  74 177]
[205 180  70 176]
[204 178  71 175]
[200 176  79 171]
[198 177  88 175]
[201 179  82 178]
[190 176 130 170]
[179 168 138 170]
[197 174  93 170]
[193 178 111 174]
[188 180 141 178]
[180 175 178 179]
[170 170 208 177]
[167 169 214 177]
[173 170 188 181]
[181 174 154 180]
[187 176 133 179]
[187 175 129 179]
[188 174 123 177]
[189 173 117 174]
[188 170 118 172]
[185 168 123 169]
[185 169 127 169]
[184 167 125 171]
[186 168 119 168]
[188 173 119 169]
[187 169 120 172]
[187 168 118 172]
[186 166 112 168]
[186 165 112 165]
[184 164 117 165]
[182 164 125 164]
[180 167 140 166]
[181 165 139 172]
[180 169 136 172]
[183 168 127 174]
[186 169 119 175]
[187 174 114 174]
[189 180 127 172]
[182 173 167 175]
[171 166 205 174]
[162 165 225 173]
[161 164 226 173]
[161 164 225 173]
[161 164 225 173]
[161 164 226 173]
[161 164 227 172]
[162 165 224 173]
[167 166 207 177]
[175 164 161 177]
[184 163 113 170]
[191 159  80 158]
[190 159  77 155]
[190 160  77 156]
[192 165  77 158]
[194 166  79 163]
[194 164  81 163]
[193 165  78 164]
[191 164  79 159]
[192 168  91 161]
[194 179 107 169]
[195 178 106 183]
[199 178  94 182]
[201 178  78 176]
[204 180  74 178]
[205 180  73 177]
[204 178  74 176]
[201 177  80 172]
[200 178  88 174]
[202 179  81 178]
[191 177 129 169]
[179 168 140 170]
[196 174  93 169]
[194 180 110 173]
[188 181 143 177]
[179 174 181 178]
[169 169 211 176]
[167 169 215 177]
[174 171 186 182]
[183 174 151 180]
[189 177 129 178]
[188 175 127 178]
[189 174 123 175]
[190 172 119 172]
[188 169 119 169]
[186 168 122 168]
[185 169 126 168]
[185 168 124 171]
[186 169 120 169]
[189 173 119 169]
[189 170 117 173]
[189 169 112 172]
[189 168 106 168]
[188 167 107 165]
[186 165 112 165]
[185 166 119 165]
[183 167 132 167]
[185 169 130 173]
[187 173 119 175]
[194 175 105 176]
[196 179 106 176]
[195 181 111 175]
[194 186 130 173]
[186 175 169 177]
[174 167 205 175]
[162 165 224 173]
[161 164 224 173]
[162 164 220 174]
[162 164 219 173]
[161 164 222 173]
[161 164 226 172]
[162 165 225 173]
[167 166 207 177]
[175 164 161 176]
[184 163 112 169]
[191 160  80 157]
[190 159  76 155]
[190 160  77 155]
[191 164  77 158]
[193 165  77 163]
[194 164  77 163]
[195 167  76 164]
[193 165  78 160]
[195 171  89 162]
[195 180 108 170]
[195 177 105 183]
[198 178  93 181]
[201 178  74 176]
[203 179  73 178]
[202 177  76 177]
[200 175  78 177]
[198 174  81 172]
[199 177  86 174]
[202 179  80 178]
[191 177 128 170]
[180 169 137 172]
[199 175  88 172]
[195 182 107 176]
[189 181 141 178]
[179 174 181 179]
[168 168 212 176]
[166 168 216 176]
[174 170 187 181]
[182 172 152 179]
[188 176 129 177]
[187 172 126 177]
[187 169 124 174]
[187 168 121 170]
[186 167 121 168]
[186 167 123 167]
[186 170 125 167]
[186 169 124 171]
[187 169 121 169]
[188 172 120 169]
[189 170 117 173]
[189 169 111 171]
[190 168 104 167]
[189 168 105 166]
[187 166 109 166]
[187 169 114 165]
[186 170 127 168]
[189 171 123 174]
[192 176 111 176]
[199 181 102 175]
[199 183 113 175]
[196 183 128 176]
[193 186 148 175]
[184 176 178 179]
[173 168 207 175]
[163 165 223 173]
[163 165 220 174]
[164 166 212 175]
[165 167 211 174]
[163 165 217 173]
[162 164 225 172]
[162 165 225 173]
[167 166 207 177]
[174 163 160 177]
[183 161 110 169]
[190 159  78 157]
[190 158  76 155]
[191 160  77 155]
[193 165  76 158]
[196 167  75 163]
[196 166  76 163]
[194 165  77 163]
[192 163  81 160]
[193 170  92 162]
[194 179 110 171]
[197 178 104 183]
[198 179  89 181]
[203 179  69 176]
[203 178  71 176]
[201 176  76 176]
[199 174  77 175]
[196 172  80 170]
[198 176  85 173]
[200 179  81 176]
[191 177 130 169]
[180 169 136 171]
[197 175  89 171]
[194 180 107 175]
[187 181 142 178]
[179 174 180 179]
[168 168 212 176]
[165 168 218 175]
[174 171 192 180]
[182 173 158 178]
[189 177 134 175]
[187 172 129 174]
[186 168 127 170]
[184 167 126 167]
[185 167 126 166]
[186 168 127 166]
[186 171 128 168]
[187 171 127 171]
[187 170 126 169]
[188 172 125 168]
[189 170 122 171]
[189 170 115 170]
[190 169 108 166]
[190 169 109 165]
[189 168 111 166]
[190 172 114 166]
[190 173 125 170]
[191 172 123 175]
[191 173 115 175]
[194 176 110 173]
[192 177 127 174]
[187 176 147 178]
[183 179 164 178]
[178 173 186 180]
[171 167 209 175]
[163 166 222 173]
[164 166 216 175]
[167 168 206 176]
[167 169 205 175]
[166 166 213 174]
[162 165 224 173]
[162 165 225 173]
[167 166 207 177]
[175 163 158 177]
[184 162 108 168]
[191 160  77 157]
[190 158  75 154]
[190 159  77 154]
[193 165  77 157]
[195 167  77 163]
[196 166  77 164]
[194 163  77 163]
[191 162  82 159]
[191 169  94 160]
[193 179 114 170]
[196 177 108 182]
[198 178  89 180]
[203 178  67 174]
[203 178  70 175]
[203 177  74 175]
[201 175  73 175]
[199 174  75 170]
[199 177  82 173]
[200 178  80 175]
[190 176 131 169]
[180 168 135 171]
[199 176  87 171]
[195 182 105 175]
[189 181 138 179]
[180 174 179 178]
[168 169 212 176]
[165 167 221 174]
[173 171 201 178]
[182 177 174 177]
[191 181 152 175]
[192 179 142 174]
[192 177 140 170]
[191 175 139 167]
[191 175 139 167]
[190 176 141 167]
[190 177 144 168]
[191 177 144 170]
[191 176 143 169]
[191 177 143 168]
[192 176 138 170]
[193 177 132 169]
[195 177 126 167]
[195 177 125 167]
[194 177 125 167]
[194 178 126 169]
[191 177 135 171]
[192 174 132 175]
[190 173 123 172]
[191 174 121 170]
[186 174 140 170]
[180 173 158 175]
[178 177 170 176]
[175 173 190 179]
[170 167 210 175]
[163 166 221 174]
[165 167 215 175]
[168 171 205 176]
[170 170 204 176]
[168 167 213 174]
[163 165 224 173]
[162 165 225 173]
[167 167 208 176]
[178 167 161 177]
[188 168 113 168]
[196 166  83 158]
[194 163  80 155]
[193 163  80 155]
[195 168  80 159]
[196 170  80 165]
[197 169  79 165]
[196 167  79 163]
[194 166  83 159]
[193 173  96 161]
[193 178 119 171]
[193 171 111 182]
[192 169  89 178]
[196 168  60 170]
[196 168  64 170]
[197 171  71 172]
[200 174  72 174]
[200 175  74 170]
[200 177  81 173]
[200 178  81 175]
[189 176 132 169]
[181 168 130 174]
[200 176  79 176]
[195 178  97 177]
[190 179 135 178]
[179 173 181 176]
[167 168 214 175]
[163 166 224 174]
[169 169 213 176]
[176 174 197 177]
[183 179 182 176]
[187 179 174 176]
[189 179 171 173]
[189 178 170 171]
[189 178 170 171]
[188 178 172 171]
[187 178 175 172]
[187 177 176 173]
[186 177 175 172]
[187 177 174 172]
[188 178 170 173]
[190 179 165 172]
[192 179 161 171]
[193 180 158 171]
[193 181 156 172]
[193 181 156 172]
[191 180 158 173]
[193 180 151 175]
[194 182 140 173]
[195 181 138 171]
[190 180 150 172]
[185 178 160 177]
[181 180 172 178]
[177 173 190 179]
[170 167 211 175]
[163 166 221 174]
[166 168 216 175]
[168 171 210 175]
[169 169 209 175]
[167 167 217 173]
[162 165 224 172]
[162 165 225 173]
[167 168 211 175]
[180 173 175 176]
[193 179 138 169]
[204 180 114 162]
[204 180 109 159]
[204 181 107 159]
[205 184 106 161]
[207 186 104 165]
[207 185 103 166]
[206 183 104 164]
[204 181 106 162]
[200 183 117 163]
[195 181 135 171]
[189 165 121 178]
[183 157  89 167]
[188 154  51 155]
[189 156  55 154]
[191 164  67 160]
[195 169  72 168]
[198 173  76 169]
[200 177  82 173]
[201 178  80 175]
[189 176 131 169]
[183 173 125 175]
[203 178  69 176]
[200 179  86 174]
[188 177 135 175]
[177 170 183 174]
[165 166 214 175]
[162 164 223 173]
[164 166 221 174]
[167 168 216 175]
[171 171 211 175]
[173 171 207 176]
[174 170 205 175]
[174 170 205 174]
[174 171 205 174]
[174 171 206 174]
[173 170 208 174]
[172 170 209 174]
[172 170 208 174]
[173 171 207 174]
[174 171 204 175]
[175 172 201 175]
[177 172 198 175]
[178 172 195 175]
[179 174 190 176]
[180 175 189 176]
[181 176 188 177]
[185 177 181 177]
[188 180 172 176]
[189 180 170 175]
[186 180 175 175]
[184 180 178 177]
[180 180 185 177]
[176 173 198 177]
[169 168 213 174]
[163 166 221 173]
[164 167 220 174]
[166 167 217 174]
[166 167 217 174]
[164 166 221 173]
[162 165 225 172]
[162 165 225 173]
[166 167 217 175]
[176 172 197 176]
[185 177 176 175]
[193 179 162 173]
[195 179 157 171]
[197 181 154 171]
[198 183 153 173]
[200 184 151 175]
[200 184 151 175]
[199 183 151 173]
[198 182 151 172]
[196 183 155 172]
[192 180 163 175]
[187 162 133 176]
[183 151  86 159]
[189 147  40 143]
[188 148  41 141]
[187 153  57 147]
[190 159  68 157]
[193 168  78 163]
[199 176  84 170]
[201 180  81 176]
[191 177 132 170]
[187 178 122 177]
[212 178  61 178]
[207 184  84 173]
[189 178 134 174]
[176 168 179 175]
[166 166 206 177]
[162 165 214 174]
[162 165 219 174]
[162 165 223 174]
[163 165 223 174]
[163 164 219 176]
[162 162 213 176]
[161 162 211 175]
[161 163 216 174]
[162 164 223 173]
[162 165 226 173]
[163 165 225 173]
[163 165 225 173]
[163 166 224 173]
[164 166 222 174]
[165 166 220 174]
[165 166 217 174]
[168 168 208 177]
[167 168 202 179]
[168 169 202 179]
[169 168 206 176]
[171 171 207 177]
[174 172 204 177]
[175 173 201 177]
[175 173 201 177]
[175 174 200 178]
[175 173 202 178]
[171 170 209 176]
[167 167 217 174]
[163 165 222 173]
[163 165 221 174]
[162 164 219 174]
[162 164 218 174]
[162 164 220 173]
[161 164 223 173]
[162 165 225 173]
[163 166 222 174]
[166 167 214 175]
[169 169 208 176]
[172 170 202 176]
[173 170 200 175]
[173 170 201 174]
[173 171 203 174]
[174 171 203 174]
[174 171 203 174]
[175 171 202 175]
[176 172 200 175]
[176 173 199 175]
[177 173 196 176]
[185 166 157 173]
[189 160 100 155]
[197 153  52 138]
[193 149  42 132]
[191 150  53 138]
[190 157  67 146]
[192 168  82 156]
[199 178  93 166]
[203 182  89 177]
[191 177 137 169]
[187 174 125 175]
[209 176  70 177]
[200 180  93 173]
[191 178 131 176]
[180 170 168 177]
[170 169 192 178]
[166 167 202 175]
[165 167 212 174]
[163 166 221 174]
[162 165 220 175]
[161 161 209 176]
[161 158 193 175]
[161 159 189 172]
[160 161 201 170]
[160 163 218 172]
[160 164 227 172]
[161 164 228 172]
[161 164 228 172]
[161 165 227 173]
[162 165 225 173]
[162 165 223 174]
[164 165 218 175]
[168 172 202 179]
[170 173 188 181]
[174 173 190 183]
[168 167 206 175]
[165 167 218 175]
[164 166 219 174]
[165 167 218 174]
[165 167 218 174]
[165 167 218 174]
[165 167 218 174]
[164 166 219 174]
[163 166 221 174]
[163 165 220 174]
[161 162 213 176]
[160 159 205 176]
[158 157 198 176]
[158 159 202 174]
[159 162 211 173]
[161 164 221 173]
[162 165 223 173]
[164 167 218 174]
[165 168 214 176]
[167 168 210 176]
[166 168 212 175]
[166 167 215 174]
[165 166 219 174]
[164 166 221 173]
[164 166 222 173]
[164 166 222 173]
[164 166 220 174]
[164 166 221 173]
[167 168 217 174]
[180 170 188 174]
[195 175 139 163]
[211 178  93 149]
[214 177  70 143]
[209 172  71 144]
[204 174  83 147]
[202 181 103 156]
[202 185 118 168]
[203 183 109 179]
[189 176 148 170]
[182 168 130 171]
[200 173  81 171]
[196 180  97 172]
[193 179 127 179]
[187 174 156 179]
[175 173 180 180]
[171 171 192 176]
[168 169 206 175]
[164 166 217 174]
[164 166 211 177]
[166 162 187 178]
[169 161 162 175]
[169 161 156 170]
[166 162 177 168]
[163 164 205 171]
[161 164 224 172]
[161 164 228 172]
[161 164 228 172]
[161 165 227 173]
[162 165 225 173]
[163 166 222 174]
[165 167 214 176]
[176 178 185 185]
[181 184 163 191]
[185 180 167 192]
[172 170 195 180]
[165 167 217 176]
[163 165 222 173]
[163 166 221 173]
[163 165 222 173]
[163 165 221 173]
[163 166 221 173]
[163 166 221 174]
[163 166 220 174]
[163 164 212 176]
[161 158 194 178]
[161 154 172 174]
[160 153 159 170]
[160 155 166 168]
[160 160 186 169]
[161 163 208 172]
[163 166 218 175]
[165 168 213 177]
[166 167 205 179]
[167 166 203 177]
[165 166 209 175]
[164 165 214 174]
[163 164 219 174]
[161 164 221 173]
[161 164 222 173]
[162 164 223 173]
[162 165 222 173]
[163 165 223 173]
[163 165 225 173]
[169 167 217 174]
[181 171 191 174]
[195 179 159 168]
[207 183 136 163]
[210 183 126 160]
[205 185 133 160]
[200 183 148 166]
[195 182 157 175]
[194 179 135 182]
[185 174 158 170]
[181 169 129 170]
[201 175  76 171]
[200 183  90 175]
[196 180 121 180]
[190 175 151 180]
[178 175 175 179]
[174 172 188 176]
[169 169 204 175]
[165 167 213 175]
[167 167 201 178]
[172 163 169 178]
[176 163 140 171]
[177 163 133 165]
[173 164 159 164]
[167 165 192 169]
[161 164 219 172]
[161 164 228 172]
[161 164 228 172]
[162 165 226 173]
[163 166 224 173]
[164 167 221 174]
[167 169 212 177]
[182 184 176 187]
[188 192 151 193]
[192 187 154 194]
[177 175 188 180]
[166 168 214 176]
[163 166 221 173]
[163 165 221 173]
[163 165 221 173]
[163 166 220 174]
[163 166 219 174]
[163 166 219 174]
[164 166 216 175]
[164 164 199 178]
[168 158 165 178]
[171 157 132 170]
[174 157 116 163]
[172 158 126 162]
[169 162 155 164]
[165 165 191 170]
[164 167 213 174]
[167 170 208 177]
[170 170 196 180]
[169 166 189 177]
[165 165 196 177]
[163 163 206 174]
[162 162 213 173]
[161 162 216 172]
[161 163 217 172]
[162 164 219 173]
[163 164 220 173]
[162 165 223 173]
[161 164 227 172]
[161 164 230 172]
[163 165 226 173]
[170 170 214 175]
[177 172 199 177]
[183 175 187 176]
[183 176 185 176]
[180 174 190 176]
[180 176 186 182]
[185 174 149 186]
[183 173 160 174]
[183 169 127 170]
[203 176  73 171]
[202 184  86 175]
[198 180 117 181]
[191 175 148 180]
[178 174 175 179]
[173 171 188 176]
[169 168 202 175]
[166 168 209 176]
[170 167 191 180]
[177 165 155 178]
[182 166 125 172]
[184 165 114 166]
[178 168 141 166]
[172 165 179 168]
[163 165 214 172]
[161 164 227 172]
[161 164 227 172]
[162 165 226 173]
[162 166 224 173]
[164 166 222 174]
[168 169 211 177]
[182 185 179 185]
[193 199 154 195]
[196 188 157 193]
[181 177 187 182]
[167 169 214 176]
[163 166 221 174]
[163 166 220 174]
[163 166 219 174]
[164 166 217 174]
[164 166 217 174]
[164 166 217 174]
[165 166 209 177]
[168 163 182 179]
[175 159 139 175]
[180 159 106 164]
[184 158  94 157]
[182 160 102 157]
[177 163 133 159]
[170 164 174 166]
[165 167 205 173]
[169 172 204 179]
[175 173 184 183]
[177 173 170 180]
[174 172 172 182]
[170 167 181 180]
[168 164 184 181]
[167 164 188 180]
[166 165 192 180]
[165 166 200 179]
[165 165 210 176]
[162 165 222 174]
[161 164 228 172]
[160 164 229 173]
[160 164 229 173]
[161 164 228 173]
[162 165 225 174]
[165 169 215 177]
[169 169 206 180]
[170 170 203 180]
[173 174 188 184]
[183 176 146 187]
[183 174 158 176]
[183 170 127 170]
[204 177  74 171]
[203 186  86 175]
[199 182 116 181]
[193 176 148 179]
[177 174 177 178]
[173 171 189 176]
[170 169 200 175]
[168 170 203 177]
[173 168 183 181]
[180 169 146 177]
[187 169 115 173]
[191 171 104 167]
[184 173 129 168]
[177 167 169 167]
[166 166 209 172]
[162 164 225 173]
[161 164 226 173]
[162 165 225 173]
[162 165 224 173]
[163 166 223 174]
[167 168 215 176]
[178 181 193 182]
[185 189 177 188]
[188 182 178 186]
[176 173 200 179]
[166 168 216 175]
[163 166 220 174]
[164 166 218 174]
[164 167 216 174]
[165 167 215 175]
[165 167 215 174]
[165 167 214 175]
[167 168 202 177]
[173 163 167 179]
[180 160 125 170]
[185 160  96 160]
[188 160  89 156]
[186 160  94 156]
[180 162 120 157]
[173 163 160 162]
[165 166 197 171]
[168 171 206 177]
[179 176 184 182]
[184 183 166 180]
[188 184 158 183]
[185 182 163 181]
[183 180 163 181]
[181 180 168 180]
[180 180 172 180]
[176 176 184 180]
[170 171 203 176]
[163 166 221 174]
[161 164 228 172]
[162 166 227 173]
[162 167 226 174]
[162 165 226 174]
[163 167 225 174]
[167 171 214 176]
[171 175 204 179]
[173 175 201 180]
[178 177 185 184]
[187 183 144 186]
[185 178 157 176]
[182 169 120 173]
[202 176  64 176]
[202 186  79 179]
[199 182 114 182]
[192 176 150 179]
[178 174 180 177]
[174 171 190 176]
[171 170 199 175]
[170 171 200 177]
[175 168 178 181]
[183 171 140 177]
[191 173 109 177]
[195 175 100 170]
[190 172 121 170]
[181 170 164 167]
[167 167 207 172]
[162 165 224 173]
[162 165 226 173]
[162 165 225 173]
[162 166 224 173]
[163 166 223 174]
[165 167 219 175]
[169 173 211 178]
[175 176 201 181]
[176 174 202 180]
[170 170 211 176]
[165 166 219 174]
[164 166 218 174]
[165 167 215 175]
[165 167 214 175]
[166 167 213 175]
[166 168 214 175]
[166 167 212 175]
[169 168 196 178]
[175 162 158 178]
[182 161 118 167]
[188 163  95 158]
[191 165  91 157]
[191 165  96 158]
[186 163 112 158]
[178 166 148 161]
[169 167 187 170]
[169 170 207 176]
[177 175 195 180]
[184 183 182 180]
[191 188 171 185]
[193 189 167 186]
[195 190 164 186]
[193 189 167 186]
[191 188 172 185]
[184 181 185 182]
[174 173 205 177]
[164 166 221 173]
[161 164 228 172]
[162 167 227 174]
[163 166 226 174]
[163 166 227 174]
[164 167 225 174]
[169 172 216 177]
[174 175 208 180]
[174 175 206 180]
[177 176 189 185]
[186 181 146 187]
[186 175 157 178]
[184 171 117 170]
[206 182  58 171]
[205 188  73 175]
[197 181 113 179]
[188 174 155 177]
[175 171 184 176]
[172 170 192 176]
[170 169 199 175]
[171 170 197 178]
[176 168 173 182]
[184 173 136 177]
[190 174 110 178]
[193 170 102 170]
[188 171 124 169]
[178 170 166 166]
[167 167 206 172]
[162 165 224 173]
[162 165 225 173]
[162 165 225 173]
[162 165 224 173]
[163 166 224 173]
[163 166 223 174]
[165 167 220 175]
[166 169 217 176]
[166 168 217 175]
[166 167 218 175]
[164 166 219 174]
[165 167 217 174]
[165 167 215 175]
[166 168 213 175]
[166 168 212 175]
[166 167 212 175]
[166 167 211 176]
[170 167 192 178]
[175 161 153 176]
[183 159 113 166]
[188 162  94 160]
[189 164  92 161]
[192 167  93 166]
[188 165 106 164]
[183 169 140 163]
[173 169 180 169]
[168 168 209 174]
[169 170 212 176]
[171 172 208 177]
[175 174 203 179]
[176 174 201 180]
[177 175 200 180]
[176 175 201 180]
[175 174 202 180]
[172 171 208 178]
[168 168 216 175]
[163 165 223 173]
[161 164 228 172]
[161 165 230 172]
[161 165 230 173]
[161 165 230 173]
[162 165 229 173]
[163 167 226 174]
[165 168 224 175]
[166 167 219 176]
[170 170 198 180]
[183 179 149 185]
[185 175 157 177]
[188 174 117 173]
[212 184  58 175]
[208 186  76 176]
[196 175 114 177]
[181 166 156 174]
[168 162 182 173]
[167 163 190 174]
[167 164 194 174]
[169 167 190 178]
[176 167 165 182]
[184 173 130 178]
[191 174 105 179]
[194 171 101 171]
[186 171 127 168]
[177 169 165 166]
[166 166 204 172]
[162 164 221 173]
[162 164 223 173]
[162 165 223 173]
[162 165 223 173]
[162 165 224 173]
[162 165 224 173]
[163 165 223 173]
[163 166 223 173]
[163 166 222 174]
[164 166 221 174]
[164 166 219 174]
[165 167 217 174]
[165 167 215 174]
[166 168 213 175]
[167 168 211 175]
[166 168 211 175]
[167 168 209 176]
[171 167 188 178]
[177 161 149 175]
[184 160 108 165]
[187 164  91 159]
[190 168  88 164]
[196 175  88 170]
[192 173 101 172]
[187 170 133 167]
[175 169 178 170]
[166 167 212 173]
[163 165 222 173]
[163 165 224 173]
[163 165 223 173]
[163 165 223 173]
[163 165 224 172]
[163 165 224 172]
[163 165 223 173]
[163 165 223 173]
[163 165 223 173]
[162 164 225 172]
[161 164 229 171]
[160 163 232 171]
[159 164 233 171]
[160 164 233 172]
[160 163 232 172]
[159 163 232 172]
[160 163 231 172]
[162 165 224 174]
[170 170 197 179]
[186 182 142 187]
[188 177 150 179]
[181 170 135 168]
[201 176  82 170]
[198 177  91 173]
[190 169 112 173]
[178 161 138 173]
[169 157 156 173]
[167 159 163 175]
[167 161 168 177]
[170 163 166 179]
[177 165 145 183]
[186 173 117 179]
[195 175  94 180]
[196 176  98 174]
[186 168 120 171]
[176 164 153 170]
[164 162 186 175]
[160 161 204 176]
[160 161 210 175]
[161 162 213 175]
[161 163 215 175]
[161 163 217 175]
[161 163 218 174]
[161 164 219 174]
[162 164 220 174]
[162 164 220 174]
[163 165 219 174]
[163 165 218 174]
[164 166 217 174]
[165 167 216 174]
[166 168 213 175]
[167 168 210 175]
[167 169 209 176]
[168 168 207 176]
[172 168 187 178]
[178 161 147 175]
[187 164 103 165]
[192 169  83 162]
[196 172  78 169]
[199 181  75 175]
[198 176  86 179]
[191 171 124 170]
[174 169 178 170]
[166 166 213 173]
[162 165 223 173]
[162 164 225 172]
[162 164 225 172]
[161 164 225 172]
[161 164 225 172]
[161 164 225 172]
[162 164 225 172]
[162 165 224 173]
[162 165 223 173]
[162 164 225 172]
[160 164 229 171]
[159 163 233 171]
[159 163 235 171]
[159 163 234 171]
[159 163 232 172]
[160 163 230 172]
[160 163 228 173]
[162 165 222 174]
[171 170 194 179]
[188 182 137 187]
[189 178 147 179]
[180 169 142 169]
[199 175  93 170]
[197 176  99 172]
[193 173 105 171]
[187 170 115 169]
[183 169 125 169]
[181 170 132 172]
[179 170 134 176]
[180 170 130 180]
[185 169 115 181]
[192 176 100 179]
[198 177  91 177]
[197 177  96 175]
[189 170 112 171]
[178 166 135 169]
[169 162 155 173]
[163 159 169 174]
[160 157 176 175]
[159 157 181 176]
[159 157 185 176]
[158 157 188 176]
[158 157 192 176]
[158 157 195 176]
[158 157 199 175]
[159 159 202 175]
[160 160 204 175]
[161 161 206 175]
[161 162 207 175]
[163 164 208 175]
[165 166 207 176]
[166 167 205 177]
[167 168 205 177]
[167 167 204 177]
[172 167 184 179]
[178 161 145 176]
[189 165 102 167]
[193 167  81 163]
[196 171  76 168]
[199 181  69 175]
[201 177  74 179]
[193 174 115 169]
[173 169 175 169]
[165 166 213 172]
[162 165 223 173]
[162 165 224 173]
[162 165 225 172]
[162 164 225 172]
[162 164 225 172]
[162 164 225 172]
[162 165 224 173]
[162 165 223 173]
[162 165 223 173]
[162 164 225 172]
[160 163 230 171]
[159 163 234 171]
[158 162 236 171]
[159 163 234 171]
[159 163 230 172]
[160 164 225 173]
[161 163 221 174]
[163 165 215 176]
[171 169 187 181]
[188 182 131 188]
[190 178 142 179]
[181 171 146 170]
[200 179 100 172]
[201 182 104 175]
[202 183 103 176]
[202 184 104 176]
[201 185 108 177]
[200 185 114 178]
[199 185 116 179]
[200 185 115 177]
[204 185 107 176]
[204 185 107 173]
[203 183 105 173]
[199 179 108 173]
[196 176 112 171]
[189 173 120 170]
[183 170 127 171]
[180 168 133 172]
[176 167 138 172]
[174 166 142 172]
[172 165 147 172]
[170 163 152 171]
[167 161 156 170]
[165 160 159 170]
[164 158 162 171]
[162 157 166 172]
[160 156 168 174]
[160 155 171 175]
[160 156 174 175]
[161 159 178 176]
[163 162 183 177]
[165 165 187 178]
[166 165 190 178]
[166 164 189 179]
[169 161 169 179]
[176 157 136 175]
[185 162 100 166]
[191 165  81 162]
[196 171  75 166]
[201 180  66 172]
[202 176  70 173]
[193 174 112 166]
[174 167 170 168]
[164 164 209 172]
[162 164 220 173]
[161 164 222 173]
[162 164 223 173]
[162 164 223 173]
[162 165 223 173]
[162 164 224 173]
[162 165 223 173]
[162 165 222 173]
[163 165 222 173]
[162 164 224 172]
[160 163 229 171]
[159 162 233 171]
[158 162 235 171]
[158 162 232 172]
[160 163 222 175]
[163 164 208 179]
[164 163 197 180]
[166 164 192 181]
[173 168 171 183]
[189 183 121 188]
[191 179 136 179]
[181 174 153 172]
[200 181 111 175]
[200 184 116 180]
[200 185 117 181]
[201 186 119 181]
[201 187 123 181]
[201 187 127 182]
[201 186 127 184]
[202 186 125 184]
[203 185 125 183]
[201 181 129 181]
[199 181 131 177]
[197 181 132 177]
[197 180 130 175]
[196 179 129 173]
[195 179 128 172]
[195 180 127 173]
[195 179 128 173]
[193 178 129 172]
[191 175 132 171]
[187 172 134 170]
[185 170 134 169]
[183 168 132 168]
[181 167 130 168]
[179 165 130 169]
[177 165 129 169]
[175 165 130 169]
[175 166 135 169]
[175 168 143 171]
[174 169 153 174]
[173 169 161 176]
[170 166 164 178]
[169 162 159 178]
[172 159 141 175]
[177 157 117 169]
[185 160  93 162]
[191 165  80 161]
[196 169  73 165]
[201 175  67 169]
[198 170  76 168]
[188 166 111 164]
[172 160 157 167]
[161 159 190 172]
[159 159 203 174]
[159 160 207 175]
[159 161 210 175]
[160 161 213 174]
[160 162 215 174]
[160 162 218 173]
[161 163 219 173]
[162 164 218 174]
[162 164 217 174]
[161 163 218 174]
[160 162 222 173]
[158 161 224 174]
[157 159 223 174]
[157 159 218 175]
[160 162 204 178]
[167 166 181 181]
[173 169 162 180]
[175 169 160 182]
[179 170 149 182]
[193 185 107 188]
[194 181 131 178]
[178 172 161 172]
[195 180 122 177]
[195 182 128 183]
[194 183 128 184]
[194 183 131 185]
[194 183 136 185]
[191 182 143 185]
[189 179 148 183]
[188 178 150 181]
[186 178 154 180]
[186 177 156 180]
[186 178 156 180]
[187 179 154 181]
[189 179 151 181]
[191 179 147 180]
[192 179 145 180]
[192 179 143 180]
[192 178 143 180]
[191 176 143 179]
[190 174 143 177]
[189 173 141 176]
[189 173 137 174]
[190 173 132 172]
[192 174 126 172]
[192 173 120 171]
[193 174 116 169]
[193 174 116 168]
[193 176 118 169]
[191 177 125 172]
[188 175 134 176]
[183 173 140 177]
[181 170 136 178]
[181 167 126 176]
[183 164 111 171]
[186 161  98 165]
[189 162  86 159]
[192 165  79 160]
[196 168  75 163]
[197 169  76 164]
[192 164  84 162]
[182 158 105 160]
[170 154 131 162]
[161 152 152 168]
[158 152 164 171]
[157 152 171 172]
[156 152 175 172]
[156 152 181 172]
[156 153 186 172]
[156 156 193 173]
[158 157 199 174]
[159 158 202 174]
[159 158 202 173]
[159 158 202 173]
[158 157 202 173]
[157 156 200 174]
[157 155 193 175]
[157 155 182 176]
[164 161 163 179]
[176 168 135 183]
[185 174 119 184]
[185 172 119 185]
[185 172 116 183]
[195 184  89 188]
[193 179 125 178]
[176 169 151 179]
[191 175 106 186]
[190 177 110 191]
[190 178 110 192]
[189 177 113 192]
[187 176 120 192]
[185 176 125 192]
[185 176 127 192]
[185 176 128 192]
[184 176 131 193]
[183 175 134 192]
[183 175 136 192]
[182 175 136 192]
[183 175 136 192]
[183 175 136 191]
[183 174 136 190]
[183 174 136 189]
[182 173 136 188]
[181 172 136 187]
[181 172 135 186]
[182 172 132 185]
[184 172 127 184]
[186 172 123 184]
[188 172 117 184]
[190 171 112 182]
[190 169 111 180]
[189 168 112 178]
[188 169 115 178]
[187 170 118 179]
[185 171 122 182]
[185 171 120 182]
[187 171 112 182]
[190 169 101 178]
[191 167  93 172]
[192 164  88 166]
[193 163  85 161]
[194 164  81 161]
[193 166  79 162]
[193 165  79 162]
[190 161  83 160]
[184 158  91 157]
[179 157 101 156]
[175 157 110 160]
[172 156 117 163]
[169 155 122 164]
[167 153 127 164]
[164 151 133 164]
[162 151 140 165]
[160 152 148 167]
[159 151 154 170]
[159 151 157 173]
[158 150 156 174]
[159 152 154 175]
[160 154 152 175]
[164 157 149 177]
[167 159 142 176]
[171 161 133 175]
[178 165 120 174]
[186 171 105 175]
[190 174  97 176]
[192 174  93 177]
[192 176  90 177]
[199 183  72 182]
[192 178 119 172]
[187 190 166 168]
[212 202 131 171]
[210 203 132 174]
[210 204 131 174]
[210 204 133 174]
[208 202 138 175]
[206 201 141 175]
[205 201 143 175]
[204 201 144 176]
[203 200 147 176]
[202 199 149 176]
[202 199 150 176]
[202 199 150 176]
[202 199 150 176]
[201 198 151 176]
[202 198 151 177]
[202 199 150 176]
[203 200 148 176]
[203 200 147 177]
[203 200 146 177]
[204 200 145 176]
[204 199 145 176]
[204 199 143 175]
[205 198 142 173]
[205 197 141 171]
[204 195 143 168]
[202 193 146 166]
[201 194 147 166]
[201 194 148 168]
[202 194 147 170]
[203 195 144 170]
[206 194 137 170]
[208 194 132 166]
[209 192 129 163]
[210 190 128 160]
[209 189 127 158]
[210 190 125 157]
[210 191 122 158]
[210 190 122 156]
[209 188 123 155]
[207 187 124 153]
[207 187 125 152]
[206 188 127 154]
[205 187 128 155]
[204 187 130 155]
[203 187 132 155]
[201 186 135 155]
[199 186 139 155]
[197 186 144 157]
[195 186 149 159]
[193 187 151 160]
[193 188 151 160]
[193 189 149 160]
[195 191 149 162]
[197 191 147 163]
[200 191 143 164]
[203 191 139 165]
[206 192 134 164]
[210 194 129 166]
[212 196 124 167]
[214 198 119 169]
[215 201 116 169]
[221 205 107 170]
[204 192 148 164]
