[123  66  66 133  68  63  66  75]
[141  62  61 156  64  59  63  76]
[141  64  63 157  65  61  65  75]
[142  63  62 158  64  60  64  76]
[142  64  63 158  65  61  65  76]
[141  65  64 157  67  63  66  75]
[142  66  65 157  67  63  67  75]
[142  66  65 158  67  63  67  75]
[142  65  64 158  66  63  66  75]
[142  65  64 158  66  62  66  75]
[142  65  64 158  66  62  66  75]
[142  66  65 158  67  63  67  75]
[142  67  67 157  68  65  68  75]
[142  68  68 157  70  66  69  75]
[142  69  69 158  70  67  70  74]
[143  69  69 158  71  68  71  74]
[143  70  70 159  71  69  71  74]
[142  71  70 158  72  69  72  74]
[141  71  71 156  72  70  72  74]
[139  71  71 154  72  70  72  74]
[139  71  71 154  73  70  73  74]
[140  72  71 154  73  71  73  74]
[140  72  71 155  73  71  73  74]
[140  71  71 155  73  70  73  74]
[141  71  71 156  72  70  72  74]
[141  71  70 156  72  69  72  74]
[142  71  70 157  72  69  72  74]
[142  71  70 158  72  69  72  74]
[143  71  70 159  72  69  72  74]
[144  71  71 160  73  70  72  73]
[148  69  68 164  70  67  70  73]
[128  69  72 143  71  68  71  75]
[141  67  66 153  70  66  67  78]
[169  63  61 186  64  61  64  80]
[170  66  64 187  66  63  66  79]
[172  64  62 190  65  62  64  79]
[171  65  64 190  66  63  65  79]
[171  67  65 189  67  65  67  78]
[172  67  65 190  67  65  67  78]
[173  67  65 192  67  65  67  78]
[173  66  64 192  66  64  66  78]
[172  66  64 191  66  64  66  79]
[172  67  65 190  67  65  67  79]
[171  68  67 189  69  67  69  78]
[170  71  69 188  72  70  71  78]
[170  72  71 187  74  72  73  77]
[170  73  73 187  75  73  74  77]
[171  74  73 188  76  74  75  77]
[171  75  75 188  77  75  76  77]
[170  76  76 187  77  76  77  76]
[167  76  76 184  77  76  77  76]
[165  76  76 182  78  77  77  77]
[165  77  76 181  79  77  78  76]
[166  77  77 182  79  78  78  76]
[167  78  77 183  79  78  78  76]
[167  77  76 184  78  77  78  76]
[168  77  76 185  78  77  78  76]
[169  76  76 186  78  76  77  76]
[169  76  75 186  78  76  77  76]
[170  76  75 187  78  76  77  76]
[172  77  76 189  78  77  77  76]
[174  77  76 192  78  77  77  76]
[180  73  71 199  73  72  73  76]
[153  71  73 168  71  69  72  76]
[140  72  71 151  76  71  72  77]
[167  70  70 184  73  69  72  78]
[169  72  71 186  73  71  73  77]
[172  70  70 190  72  69  71  77]
[172  70  70 190  72  70  71  77]
[173  72  71 191  73  71  72  77]
[175  71  70 193  73  70  72  76]
[176  70  70 195  72  69  71  77]
[176  70  70 195  71  69  70  77]
[174  70  70 192  71  69  71  77]
[172  71  71 190  72  70  72  77]
[171  73  73 189  75  73  74  77]
[170  76  76 187  78  76  77  76]
[169  78  78 186  80  79  79  75]
[168  79  80 184  82  80  81  75]
[168  80  81 184  83  81  82  75]
[168  81  82 184  84  82  83  75]
[166  82  83 183  85  83  83  75]
[164  82  83 180  85  84  84  75]
[163  83  84 178  85  84  84  75]
[163  83  84 179  86  85  85  74]
[164  84  84 180  86  85  85  74]
[165  84  84 180  86  85  85  74]
[165  83  84 181  86  85  85  74]
[166  83  84 182  86  85  85  74]
[167  83  84 183  85  84  84  74]
[168  83  83 184  85  84  84  74]
[168  83  83 185  85  84  84  74]
[170  83  84 187  85  84  84  74]
[173  82  82 190  85  83  83  74]
[180  76  76 198  78  76  77  75]
[153  72  76 169  72  70  74  76]
[142  71  70 152  75  70  71  77]
[169  70  69 186  72  69  71  78]
[170  72  71 187  73  71  73  77]
[173  70  69 191  71  69  71  77]
[174  69  69 193  71  68  70  77]
[177  70  69 196  71  69  71  77]
[181  70  69 201  71  68  70  76]
[183  69  68 203  70  68  69  76]
[181  68  67 201  69  67  68  77]
[178  66  66 197  67  65  67  78]
[176  66  65 195  67  64  67  78]
[175  68  68 194  70  67  69  78]
[173  72  73 192  74  72  74  77]
[171  76  77 188  78  76  78  76]
[168  78  79 185  81  79  80  75]
[168  79  80 184  82  80  81  75]
[167  80  81 184  83  81  81  75]
[167  81  81 183  83  82  82  75]
[167  81  81 183  83  82  82  75]
[168  80  80 184  82  80  81  75]
[169  79  80 185  81  80  81  75]
[168  80  81 185  83  81  82  75]
[166  82  83 183  84  83  84  75]
[166  82  83 182  85  84  84  75]
[169  81  82 185  84  82  83  75]
[170  81  82 187  83  82  82  75]
[170  82  83 187  84  83  83  75]
[169  83  84 186  85  84  84  74]
[171  83  84 187  85  84  84  74]
[174  80  80 191  82  81  81  75]
[182  73  72 201  73  71  73  76]
[155  69  72 171  69  66  70  77]
[146  68  66 157  71  66  67  78]
[173  65  65 192  67  64  67  79]
[172  70  69 191  71  68  70  77]
[175  67  66 194  68  66  68  78]
[178  65  65 197  66  64  66  78]
[182  67  65 202  67  65  67  78]
[186  67  67 207  69  66  68  77]
[187  68  68 208  69  67  69  77]
[184  67  66 205  67  65  67  77]
[181  63  62 201  63  61  63  78]
[180  60  59 200  61  57  60  79]
[180  62  61 200  63  59  62  79]
[177  67  68 197  70  66  69  78]
[173  74  74 192  76  74  75  76]
[170  77  78 187  79  78  78  76]
[168  79  79 185  81  79  80  75]
[168  78  79 185  81  79  80  75]
[170  76  77 187  79  77  78  76]
[172  74  74 189  76  74  75  76]
[174  71  72 191  73  70  72  77]
[173  71  72 191  73  71  73  77]
[170  75  76 188  78  75  77  77]
[167  80  81 183  83  81  82  76]
[166  81  81 182  83  82  82  75]
[170  77  78 186  80  78  79  75]
[173  77  78 190  79  77  78  76]
[173  79  80 190  82  80  81  75]
[171  83  84 188  86  85  85  74]
[171  83  84 188  86  85  85  74]
[175  78  78 192  80  78  79  75]
[183  69  68 202  70  67  69  77]
[155  66  69 172  66  63  67  78]
[150  63  62 163  66  61  63  78]
[178  59  59 198  62  57  61  80]
[177  63  63 196  64  61  64  78]
[180  59  57 199  59  55  59  80]
[184  55  54 204  55  51  55  81]
[187  57  56 208  58  53  57  81]
[189  60  60 210  62  58  62  80]
[188  64  64 209  65  62  65  79]
[185  63  63 206  63  61  63  78]
[184  58  57 204  58  54  58  79]
[184  54  53 205  54  50  54  81]
[183  56  55 205  57  53  57  81]
[180  63  63 201  65  62  64  79]
[176  71  72 195  73  71  72  77]
[172  76  76 190  78  76  77  76]
[170  78  79 187  80  79  79  75]
[170  77  78 186  79  78  78  76]
[171  74  74 188  76  73  75  76]
[173  69  70 190  72  68  71  78]
[174  67  67 192  69  65  68  79]
[173  68  69 191  71  67  69  78]
[169  73  74 187  77  74  75  77]
[166  79  80 182  82  80  81  76]
[165  80  80 180  82  80  81  75]
[170  74  73 187  75  73  75  76]
[175  72  72 193  74  72  73  77]
[175  75  77 193  79  76  77  76]
[172  83  84 189  86  84  84  74]
[172  83  84 188  85  84  84  74]
[176  77  76 194  78  76  77  75]
[184  68  66 204  68  65  67  77]
[156  64  68 173  65  62  66  78]
[156  62  60 170  64  60  61  77]
[186  55  54 207  57  53  56  80]
[184  55  53 205  54  50  54  80]
[186  47  45 207  46  41  46  82]
[188  41  39 210  41  35  41  84]
[189  43  42 211  44  38  43  84]
[189  48  47 211  50  44  49  83]
[188  53  53 210  54  49  54  81]
[187  53  52 208  54  49  54  81]
[186  51  49 208  50  45  50  81]
[186  49  47 208  49  44  49  82]
[185  53  51 207  54  49  53  82]
[182  60  60 202  63  59  62  80]
[178  69  69 197  71  69  70  77]
[173  75  75 192  77  75  76  76]
[171  78  78 188  80  78  79  76]
[169  78  78 186  79  78  78  76]
[169  75  74 186  76  74  75  76]
[168  71  71 186  72  70  71  78]
[168  70  68 186  71  68  70  78]
[168  72  71 185  73  71  72  78]
[166  75  76 183  78  77  77  77]
[163  80  80 179  83  81  81  76]
[163  79  79 178  81  80  80  75]
[169  72  70 186  72  70  72  77]
[177  70  69 195  71  69  70  77]
[178  72  74 197  76  73  74  77]
[174  82  83 191  85  84  84  74]
[172  83  84 188  86  84  85  74]
[177  78  77 195  79  77  78  75]
[185  70  68 205  69  68  69  76]
[156  66  70 173  67  65  68  77]
[161  65  63 176  68  63  64  76]
[195  55  54 217  55  53  55  79]
[192  48  45 215  46  41  46  81]
[191  38  34 215  36  30  37  84]
[193  34  30 218  32  26  32  85]
[193  35  31 217  34  28  34  85]
[191  38  35 214  38  32  38  85]
[189  41  39 211  41  35  41  84]
[188  42  40 211  41  35  42  84]
[188  42  40 211  41  35  42  84]
[187  44  43 209  45  39  44  84]
[185  51  50 206  53  48  52  82]
[182  60  59 202  62  58  61  80]
[178  67  68 198  70  67  69  78]
[174  73  74 193  76  74  75  77]
[171  77  78 188  79  78  78  76]
[168  78  79 185  80  78  79  76]
[165  78  78 181  79  78  78  76]
[162  77  77 178  78  77  78  76]
[162  77  76 178  79  77  78  76]
[163  78  78 179  80  79  79  76]
[163  80  80 179  82  81  81  76]
[162  81  82 177  84  82  82  75]
[162  79  79 178  81  80  81  75]
[170  71  69 187  71  69  71  76]
[179  69  67 198  70  67  69  77]
[180  70  72 200  74  71  72  77]
[174  81  82 193  83  82  82  75]
[171  83  83 188  85  84  85  74]
[177  81  80 195  82  81  81  74]
[185  75  74 206  75  74  75  75]
[157  72  75 173  72  70  73  75]
[165  70  68 180  73  68  70  76]
[202  59  57 226  57  55  58  78]
[198  46  43 223  42  39  44  81]
[198  39  34 224  36  31  37  83]
[200  39  35 227  38  32  37  82]
[201  39  35 227  37  33  37  82]
[196  37  32 221  35  30  35  84]
[191  32  29 214  32  25  32  86]
[190  33  30 213  32  25  32  86]
[188  36  34 212  36  29  36  85]
[186  43  41 209  44  38  43  84]
[183  53  51 204  54  49  53  82]
[180  61  60 201  63  59  62  79]
[178  67  67 197  69  67  68  78]
[174  73  73 192  75  73  74  77]
[171  76  77 188  79  77  78  76]
[167  79  79 184  81  80  80  75]
[164  80  81 180  82  81  81  75]
[161  81  81 176  83  82  82  75]
[160  80  80 175  83  81  82  75]
[162  80  80 177  82  81  81  75]
[162  80  81 178  83  81  81  75]
[162  81  81 178  83  82  82  75]
[164  79  79 180  81  79  80  75]
[172  69  66 189  68  66  69  77]
[182  66  64 202  66  64  65  79]
[183  68  70 203  72  68  70  78]
[175  79  81 194  82  81  81  75]
[171  84  84 188  86  86  86  74]
[179  85  84 197  87  86  86  73]
[189  81  81 210  82  82  81  73]
[160  78  81 178  77  76  78  73]
[165  73  72 179  78  73  74  76]
[204  67  65 228  65  63  66  76]
[203  54  51 230  50  49  52  78]
[205  50  44 233  47  45  47  80]
[209  51  48 237  51  47  51  80]
[209  48  46 236  45  43  47  79]
[201  40  36 227  36  33  37  83]
[192  28  24 216  26  19  27  87]
[190  29  25 214  27  20  28  87]
[188  35  32 212  35  29  35  86]
[184  45  43 207  47  41  46  84]
[181  56  55 202  58  54  57  81]
[178  64  63 198  65  62  65  79]
[176  69  69 195  71  69  70  78]
[172  73  74 190  76  74  75  76]
[170  77  77 187  79  77  78  76]
[168  78  79 184  80  79  79  75]
[165  79  80 181  82  80  81  75]
[162  80  81 178  82  81  82  75]
[162  79  79 177  81  80  81  75]
[165  78  78 181  80  79  79  75]
[167  77  77 183  79  78  79  75]
[168  78  77 185  79  78  79  75]
[172  73  72 189  74  72  74  76]
[180  61  58 198  59  56  60  79]
[187  58  56 209  57  53  57  81]
[185  63  65 206  67  63  65  80]
[177  78  80 195  81  79  80  75]
[172  85  85 190  88  87  87  74]
[181  87  87 200  90  89  89  73]
[194  85  86 215  87  86  86  72]
[165  81  85 183  80  80  81  72]
[163  76  75 177  81  76  77  75]
[203  76  75 228  76  75  76  75]
[207  68  66 233  66  66  66  74]
[211  64  60 238  62  62  62  77]
[214  64  62 241  66  63  64  78]
[213  57  56 239  55  53  56  77]
[204  46  42 231  40  38  42  80]
[193  28  24 219  26  19  26  87]
[189  29  25 214  28  20  28  87]
[187  38  35 210  38  32  38  85]
[183  49  48 205  51  46  50  83]
[179  60  59 200  62  58  61  80]
[178  66  66 197  68  65  67  78]
[176  70  70 195  72  70  71  77]
[174  73  72 192  74  73  74  76]
[173  73  73 191  75  73  74  76]
[173  72  72 190  74  72  74  76]
[172  72  72 189  73  71  73  77]
[171  71  71 188  72  70  72  77]
[172  67  67 189  68  66  68  78]
[176  63  63 193  64  61  64  79]
[178  60  60 196  61  58  62  80]
[181  59  59 199  60  56  61  80]
[184  54  53 202  54  49  54  81]
[186  44  42 208  42  36  43  83]
[189  45  43 213  45  39  44  84]
[186  57  59 207  62  56  60  82]
[178  76  78 197  79  77  78  76]
[173  86  86 190  88  87  87  74]
[183  88  88 201  92  91  90  73]
[197  87  89 218  90  90  89  72]
[168  83  88 186  82  83  84  72]
[161  79  77 175  84  80  79  75]
[202  84  84 225  87  86  85  73]
[208  82  83 233  82  83  82  72]
[212  78  77 238  77  78  76  73]
[214  75  74 240  76  76  75  75]
[213  66  65 239  64  63  65  75]
[207  53  50 234  47  47  49  77]
[197  33  29 223  30  25  31  84]
[191  30  26 216  29  23  29  87]
[187  37  35 210  38  32  38  86]
[184  48  46 206  49  44  49  83]
[182  56  55 202  57  53  57  81]
[182  59  58 202  60  57  60  80]
[181  60  60 201  62  58  62  80]
[180  61  61 199  62  59  62  79]
[180  61  60 199  61  57  62  80]
[180  59  59 199  60  56  60  80]
[179  57  58 198  59  54  58  80]
[179  56  56 198  57  52  57  81]
[180  51  51 200  53  46  52  82]
[183  45  45 203  46  40  46  83]
[186  40  40 206  41  33  40  85]
[187  37  37 208  38  30  38  86]
[188  32  32 210  33  24  33  87]
[189  28  25 212  26  18  27  88]
[191  34  32 215  35  28  34  87]
[188  53  54 210  58  52  56  83]
[180  74  76 199  78  75  77  76]
[173  85  85 190  87  87  86  74]
[180  87  87 198  91  90  89  74]
[194  86  88 214  90  89  88  73]
[166  82  88 183  82  82  84  72]
[161  80  79 174  85  81  80  75]
[202  86  86 225  89  89  88  73]
[210  90  91 234  91  92  90  70]
[214  89  88 241  88  90  87  70]
[216  86  85 243  86  88  85  71]
[216  75  74 243  73  74  74  73]
[212  58  55 238  52  52  55  77]
[202  36  32 228  32  28  34  84]
[192  29  25 217  27  21  28  87]
[187  33  30 210  33  26  33  87]
[186  40  39 207  42  35  41  85]
[185  46  45 206  47  41  46  83]
[186  48  47 207  49  43  48  82]
[187  50  49 208  51  45  50  82]
[187  51  51 208  53  47  52  81]
[186  53  52 208  54  49  53  81]
[186  54  53 208  55  50  54  80]
[186  56  54 209  56  52  55  79]
[186  55  53 209  55  51  55  79]
[188  49  45 211  48  43  47  80]
[189  37  33 212  34  29  34  84]
[189  25  21 212  23  15  23  88]
[188  19  15 211  17   8  18  90]
[187  18  13 210  16   7  16  91]
[187  18  13 210  16   7  16  91]
[190  29  25 214  30  22  29  88]
[190  51  51 212  56  49  53  83]
[182  72  75 202  76  74  75  77]
[174  85  85 192  87  87  86  73]
[177  86  85 195  89  88  87  74]
[189  84  86 208  88  87  86  74]
[161  81  86 177  81  80  82  73]
[160  78  78 173  84  80  80  75]
[201  82  83 223  86  85  84  74]
[211  87  88 234  88  89  88  72]
[219  89  90 245  90  91  90  71]
[221  89  90 247  90  92  90  70]
[219  78  79 244  77  79  78  73]
[212  57  57 238  54  52  56  78]
[201  37  34 227  33  28  35  84]
[193  29  25 218  27  20  27  87]
[190  31  27 214  31  23  30  86]
[189  37  34 213  37  31  37  84]
[190  43  40 214  43  37  42  83]
[191  47  44 215  47  42  46  82]
[192  52  49 217  51  47  50  80]
[192  56  53 216  55  52  55  79]
[190  60  57 214  59  57  59  79]
[188  63  60 212  62  60  62  78]
[188  67  64 211  66  65  66  77]
[189  68  65 211  67  66  67  77]
[190  59  56 213  57  56  58  78]
[190  42  37 212  38  34  39  82]
[188  25  19 211  21  14  22  88]
[185  15  10 208  13   4  14  91]
[184  15  10 207  13   4  14  91]
[184  16  11 208  14   5  15  91]
[190  27  23 214  28  20  27  89]
[191  50  50 214  55  48  52  84]
[185  71  74 205  75  72  74  77]
[176  85  86 195  86  87  86  73]
[177  86  85 195  88  88  87  74]
[186  84  84 205  87  86  85  73]
[158  80  84 174  80  79  81  73]
[159  76  76 171  82  78  78  76]
[199  75  76 219  78  76  77  76]
[208  77  78 231  80  78  78  76]
[217  80  83 242  84  82  82  75]
[222  82  86 247  85  85  85  73]
[217  73  74 242  71  71  72  74]
[208  53  51 234  48  46  50  79]
[198  36  32 224  32  27  33  84]
[192  31  27 217  29  23  30  86]
[191  36  31 216  35  28  35  85]
[191  43  40 215  42  37  42  83]
[191  50  46 216  49  45  49  81]
[192  57  54 217  57  54  56  80]
[195  63  61 218  63  61  63  78]
[195  69  67 218  69  68  69  77]
[193  73  72 215  74  74  74  76]
[190  78  78 212  80  80  79  75]
[190  83  83 211  85  85  84  74]
[191  84  84 212  86  86  85  73]
[193  73  72 214  72  71  73  75]
[192  50  47 214  45  43  47  80]
[189  28  23 213  23  17  25  87]
[185  15  10 209  13   4  14  91]
[184  15  10 207  13   4  14  91]
[184  16  11 208  15   6  15  90]
[190  26  22 214  27  19  26  89]
[192  49  48 214  54  47  51  84]
[187  70  73 208  75  72  74  77]
[178  86  87 197  88  88  87  73]
[177  86  87 195  89  89  88  73]
[184  84  85 203  86  86  85  73]
[156  79  84 171  80  79  81  74]
[156  74  73 168  79  74  75  76]
[193  68  67 213  69  66  68  78]
[202  65  63 224  65  63  64  79]
[210  63  64 234  67  63  65  80]
[214  66  68 238  69  65  68  78]
[209  61  62 234  59  57  61  78]
[201  48  46 227  44  41  46  81]
[194  38  34 219  36  31  37  84]
[192  38  35 216  37  32  37  85]
[193  44  41 217  44  39  44  83]
[194  53  51 218  54  50  53  81]
[194  60  59 217  62  59  61  79]
[194  67  67 216  69  67  68  78]
[196  69  69 217  71  69  70  77]
[196  73  74 218  74  73  74  76]
[194  75  76 215  77  75  76  76]
[193  79  79 214  81  80  80  75]
[193  81  82 214  83  82  82  74]
[195  80  80 216  81  80  81  74]
[196  67  67 217  66  64  67  77]
[193  46  44 217  41  38  44  81]
[189  26  22 214  21  15  24  87]
[185  15  10 209  13   4  14  91]
[184  16  11 208  14   5  14  91]
[184  18  13 208  16   7  16  90]
[190  26  22 214  26  19  26  88]
[191  48  48 214  52  46  50  84]
[186  69  72 207  74  70  72  78]
[177  86  87 196  88  88  88  73]
[176  87  88 193  90  90  88  74]
[182  84  85 200  87  86  86  74]
[154  80  84 169  80  79  82  74]
[154  72  71 166  76  71  72  77]
[189  62  61 209  63  59  63  78]
[194  55  53 217  54  51  54  80]
[201  47  46 223  49  44  48  83]
[204  47  48 227  49  43  49  83]
[201  46  46 226  45  40  46  83]
[197  41  39 222  39  34  40  84]
[194  37  34 217  36  30  36  85]
[192  38  35 216  38  32  38  85]
[194  43  41 217  44  38  43  84]
[195  50  49 218  51  47  51  82]
[196  55  55 218  56  53  56  81]
[195  62  61 218  62  59  62  79]
[195  60  60 217  62  58  61  79]
[195  64  64 217  65  62  64  79]
[194  61  62 215  63  60  63  79]
[195  62  63 216  64  61  64  79]
[196  60  61 217  62  58  62  80]
[198  57  58 218  58  54  59  81]
[196  49  49 218  48  43  49  83]
[192  36  34 216  32  26  34  85]
[187  25  21 211  21  14  22  88]
[182  19  14 206  17   8  18  90]
[182  21  16 205  20  11  19  89]
[183  24  20 206  23  15  23  88]
[187  34  30 211  34  27  33  87]
[187  53  52 209  57  52  54  83]
[182  70  73 201  76  72  74  78]
[174  85  87 191  88  87  87  74]
[172  86  87 189  89  88  87  74]
[178  82  83 195  85  84  84  74]
[151  78  82 165  79  77  80  75]
[151  70  69 163  74  69  70  77]
[186  59  57 206  59  55  59  79]
[191  49  46 213  47  43  47  81]
[194  36  33 217  35  29  35  86]
[194  33  31 217  33  25  33  87]
[193  32  30 216  32  24  32  87]
[191  31  29 215  31  24  31  87]
[190  31  29 213  31  24  31  87]
[189  33  30 212  33  26  32  87]
[191  37  35 213  38  31  37  86]
[192  42  42 215  45  38  43  85]
[193  46  46 215  48  41  47  83]
[192  53  53 215  54  49  54  82]
[192  52  52 215  54  49  53  81]
[193  57  56 216  57  53  56  80]
[193  49  48 215  51  46  50  82]
[194  45  44 215  46  40  45  83]
[195  37  37 216  38  31  38  86]
[194  33  32 216  34  25  33  87]
[193  29  28 216  29  20  29  88]
[189  28  25 213  26  17  26  88]
[183  30  27 207  29  21  29  87]
[177  35  31 200  34  28  34  85]
[178  42  37 201  41  36  40  83]
[182  46  41 204  45  41  44  82]
[185  53  49 209  53  49  51  81]
[183  63  62 205  67  64  65  79]
[178  74  75 196  78  76  76  77]
[171  83  84 189  86  85  85  74]
[169  84  84 186  86  85  85  74]
[175  80  81 192  82  81  81  75]
[149  76  80 163  77  75  78  75]
[151  70  68 163  74  69  70  77]
[185  57  56 205  57  53  57  80]
[189  46  42 211  42  38  43  82]
[190  31  27 214  29  22  29  86]
[188  29  25 212  28  21  28  87]
[187  33  29 211  32  25  31  86]
[186  35  31 209  34  27  33  85]
[185  36  32 208  36  29  35  85]
[184  38  34 207  37  31  36  85]
[185  40  37 208  40  34  39  84]
[187  43  40 209  43  37  42  84]
[187  45  42 210  45  40  44  83]
[188  50  48 210  51  47  50  82]
[189  50  49 211  52  46  51  82]
[189  55  53 212  55  51  54  81]
[190  44  42 212  44  39  44  83]
[189  35  32 212  32  26  33  85]
[189  22  17 213  19  11  20  89]
[187  16  12 211  15   6  15  91]
[187  17  12 211  15   6  16  91]
[185  25  21 209  24  16  24  89]
[179  39  37 202  40  33  39  86]
[173  55  52 194  55  51  55  82]
[175  66  62 195  65  64  65  79]
[182  69  66 202  70  68  69  77]
[185  72  71 206  73  73  72  76]
[182  76  74 202  77  77  76  76]
[176  78  79 194  81  80  80  75]
[172  82  83 190  85  84  84  74]
[171  83  84 188  86  85  84  74]
[175  79  79 193  81  80  80  75]
[148  75  78 163  76  74  77  75]
[150  69  68 162  73  68  70  77]
[185  55  54 205  55  51  56  80]
[188  44  40 211  39  35  41  82]
[188  33  29 213  30  24  31  86]
[184  36  33 209  36  29  36  85]
[182  46  42 205  45  40  45  83]
[180  49  45 203  48  44  48  82]
[179  51  48 201  50  47  50  81]
[178  52  48 200  51  48  51  81]
[179  54  50 200  53  50  53  81]
[180  55  52 201  55  52  55  81]
[179  55  53 200  55  52  55  81]
[181  57  54 201  58  55  57  81]
[183  55  54 203  56  52  56  81]
[185  58  57 206  58  55  58  80]
[186  47  44 207  46  41  46  82]
[186  36  31 208  31  26  33  84]
[186  20  15 209  16   9  18  89]
[184  14  10 207  12   3  13  91]
[185  16  10 208  14   5  14  91]
[183  28  24 207  28  20  27  89]
[177  48  47 198  52  45  50  84]
[170  69  70 188  73  70  72  78]
[172  83  83 189  86  85  84  75]
[179  85  87 196  89  88  88  74]
[182  84  86 200  86  86  86  74]
[180  83  83 199  84  84  83  74]
[177  81  82 195  83  82  82  74]
[176  83  84 194  85  85  84  74]
[174  84  85 192  86  86  85  73]
[177  80  80 195  81  81  81  74]
[149  75  79 164  76  74  77  75]
[151  69  68 163  73  68  69  77]
[185  54  53 205  54  50  54  80]
[188  42  38 211  37  33  39  83]
[188  36  33 212  35  28  35  86]
[184  45  44 207  48  42  47  84]
[180  61  60 201  62  59  62  80]
[178  66  64 197  66  64  66  78]
[176  67  66 196  68  66  67  78]
[175  67  66 195  68  66  68  78]
[175  69  67 195  70  67  69  78]
[175  69  68 195  70  68  70  77]
[175  67  66 194  68  66  68  78]
[176  66  64 196  67  64  66  78]
[178  64  62 199  64  61  63  78]
[181  63  62 202  64  61  63  78]
[185  51  49 205  50  46  50  80]
[186  37  33 208  32  28  34  84]
[186  21  15 210  17  10  19  89]
[184  15  10 207  13   4  14  91]
[185  16  11 208  14   5  15  90]
[183  28  25 206  29  21  28  88]
[177  49  50 197  54  48  52  84]
[169  72  73 187  76  73  75  78]
[169  85  85 185  88  87  86  75]
[174  86  88 190  90  89  88  74]
[177  85  86 194  87  86  86  74]
[178  83  83 196  84  83  83  74]
[178  81  82 197  84  83  83  74]
[178  84  85 197  87  86  86  74]
[177  86  87 195  88  88  87  73]
[179  81  81 197  82  82  82  74]
[150  76  79 164  76  75  77  75]
[151  69  68 163  73  68  69  77]
[185  53  51 205  52  48  53  80]
[188  40  36 211  36  31  37  83]
[189  35  32 212  35  29  34  87]
[185  47  47 206  51  45  49  84]
[180  65  65 200  67  64  66  79]
[177  69  69 196  71  68  70  77]
[176  70  69 194  71  68  70  77]
[176  69  68 194  70  68  70  77]
[176  70  70 195  72  70  71  77]
[175  72  72 194  73  71  73  77]
[175  71  70 193  72  70  71  77]
[175  69  68 195  70  68  69  77]
[178  67  66 197  68  66  68  78]
[181  65  64 200  66  64  66  78]
[185  53  51 205  51  47  52  80]
[186  37  33 209  32  27  34  84]
[186  22  17 210  19  12  20  89]
[184  17  12 208  15   7  16  90]
[185  18  13 209  16   7  16  90]
[184  29  25 207  29  22  28  88]
[177  49  50 198  54  48  52  84]
[170  73  73 188  77  74  75  77]
[167  84  85 184  87  86  86  74]
[169  85  85 185  87  86  86  74]
[172  82  83 189  84  83  84  74]
[176  81  81 194  83  81  82  75]
[178  81  82 197  84  83  83  75]
[179  85  86 197  88  87  86  74]
[177  87  88 195  89  89  88  73]
[179  81  82 197  83  82  82  74]
[149  76  79 164  76  75  78  75]
[151  70  69 163  73  69  70  77]
[185  54  52 205  52  49  53  80]
[188  39  35 211  35  30  36  84]
[189  30  27 213  30  23  30  88]
[187  39  38 209  42  35  41  86]
[185  52  52 205  53  49  53  82]
[183  56  55 202  56  52  57  81]
[182  55  55 201  56  52  56  81]
[182  55  55 202  56  52  56  81]
[182  57  57 202  58  54  58  81]
[182  59  59 201  60  56  60  80]
[181  60  60 201  61  57  61  80]
[182  61  60 202  62  58  62  79]
[183  62  61 203  63  60  63  79]
[185  60  59 204  60  56  60  79]
[187  49  47 208  46  42  48  81]
[187  34  30 210  29  24  31  85]
[187  23  18 211  20  13  21  89]
[185  19  14 209  17   8  18  90]
[186  19  14 210  16   8  17  89]
[185  27  23 209  27  20  27  89]
[181  44  44 202  49  42  47  85]
[177  65  66 196  68  65  68  79]
[175  76  76 192  78  76  78  76]
[175  77  77 193  79  77  78  75]
[178  75  75 196  76  74  76  76]
[179  75  75 197  76  74  75  76]
[177  78  79 196  81  79  79  76]
[175  83  85 192  87  85  86  75]
[174  87  88 191  89  89  88  73]
[178  81  82 195  83  82  82  74]
[149  76  79 164  76  75  78  75]
[152  71  70 164  75  71  71  76]
[186  56  54 206  54  50  55  79]
[187  40  35 210  35  31  37  83]
[189  25  22 212  25  17  24  89]
[188  28  26 209  30  21  29  88]
[186  35  34 207  37  28  36  87]
[185  37  36 206  38  30  38  86]
[185  36  36 206  37  29  37  86]
[186  35  35 206  36  28  36  86]
[186  37  36 207  38  30  38  86]
[186  40  40 207  42  34  41  85]
[186  43  43 207  45  38  44  84]
[186  45  45 207  46  40  46  84]
[186  45  45 207  46  40  46  84]
[187  43  42 208  43  37  44  84]
[188  37  34 210  34  28  36  85]
[187  28  24 211  24  17  26  87]
[186  22  17 210  20  12  21  89]
[185  19  15 208  18   9  18  90]
[185  19  15 209  17   8  17  90]
[186  23  20 209  24  15  23  89]
[185  34  34 206  38  30  36  87]
[183  48  48 203  51  44  50  84]
[182  55  56 201  57  52  57  82]
[183  55  56 202  57  52  57  82]
[184  54  54 204  55  50  55  82]
[184  56  57 204  58  53  58  81]
[179  66  68 199  69  66  68  80]
[175  78  79 193  82  79  80  76]
[173  85  86 190  87  87  87  74]
[178  80  79 196  81  80  80  75]
[151  75  78 165  75  73  76  75]
[152  72  71 164  76  72  73  76]
[185  59  57 206  57  54  58  79]
[186  44  39 209  39  35  40  82]
[187  25  21 211  23  16  24  88]
[187  24  20 210  23  15  23  89]
[186  27  24 209  27  19  26  88]
[185  26  23 207  26  18  26  88]
[186  24  20 208  22  14  22  89]
[187  19  16 210  18   9  19  90]
[187  20  17 210  20  11  20  90]
[189  26  22 213  26  17  26  88]
[191  31  28 215  31  24  31  86]
[191  33  30 214  33  26  32  85]
[190  31  28 213  31  23  31  87]
[188  28  26 210  28  20  28  88]
[187  26  23 210  25  16  25  88]
[186  23  19 210  21  13  22  89]
[185  24  19 208  22  14  22  89]
[182  24  20 206  23  15  23  88]
[182  23  19 205  22  14  22  88]
[185  23  18 208  22  14  21  89]
[187  26  23 209  27  19  26  89]
[187  31  29 209  33  24  32  87]
[187  34  32 208  35  27  34  87]
[187  33  32 208  34  26  33  87]
[187  32  31 209  33  24  32  87]
[187  34  34 208  36  28  35  87]
[184  44  45 205  47  41  47  85]
[182  59  59 201  62  57  61  81]
[182  69  69 200  70  67  70  78]
[184  69  69 203  69  66  69  78]
[153  68  72 170  68  65  70  77]
[152  73  72 164  78  73  74  76]
[185  63  61 205  61  59  63  78]
[186  49  44 209  44  41  46  81]
[187  30  25 210  27  21  28  86]
[184  29  25 208  27  20  27  87]
[182  34  30 205  34  27  33  86]
[181  33  28 203  31  25  32  85]
[183  26  20 205  22  16  23  87]
[184  16  11 208  14   5  14  91]
[185  16  11 209  14   5  14  91]
[189  24  19 213  23  14  23  89]
[193  29  26 217  29  21  29  87]
[193  30  27 218  28  22  29  86]
[190  25  20 214  22  15  23  88]
[186  20  15 210  18  10  19  90]
[186  20  15 209  18  10  19  90]
[185  23  18 209  21  13  21  89]
[181  32  28 205  31  24  31  87]
[177  38  34 200  38  32  38  85]
[178  37  31 199  34  29  35  84]
[183  30  24 205  27  21  27  87]
[186  27  22 210  25  18  25  88]
[187  28  24 211  27  20  27  87]
[186  29  24 210  27  20  27  86]
[187  24  19 211  22  15  23  88]
[187  21  16 210  19  11  19  89]
[188  20  16 211  19  11  19  90]
[189  25  24 210  28  19  26  89]
[188  36  37 209  40  31  39  87]
[188  46  47 208  49  41  48  84]
[188  53  53 209  55  49  54  82]
[155  60  64 172  61  56  62  80]
[152  74  73 164  79  74  75  76]
[185  65  64 205  65  62  65  78]
[186  52  49 208  49  46  50  80]
[187  35  31 210  32  26  33  85]
[184  37  34 208  37  31  36  86]
[181  46  44 203  48  42  47  84]
[181  45  42 202  44  39  45  82]
[183  34  29 204  29  24  31  85]
[185  18  13 208  15   7  16  90]
[185  16  11 208  14   5  15  91]
[189  23  19 213  23  15  22  90]
[194  28  26 217  29  21  29  88]
[194  29  27 218  27  20  28  87]
[189  25  20 213  21  14  23  88]
[185  20  15 208  18   9  18  90]
[184  20  16 208  19  10  19  89]
[183  28  24 207  26  19  26  88]
[178  42  40 201  44  38  43  85]
[174  55  53 194  57  52  56  81]
[175  53  49 194  51  48  52  80]
[182  40  35 203  36  32  37  84]
[188  30  26 211  29  23  30  87]
[191  32  27 215  30  23  30  86]
[191  33  28 216  30  25  31  85]
[191  29  24 215  26  20  27  86]
[189  22  17 213  19  12  21  88]
[188  17  12 212  15   7  16  90]
[188  15  11 212  15   5  14  91]
[191  20  16 214  20  11  20  91]
[193  26  23 216  26  17  26  89]
[191  40  37 215  40  33  39  86]
[156  52  56 174  55  49  56  82]
[153  75  74 165  80  75  75  76]
[185  65  65 205  65  63  66  78]
[185  53  50 206  50  47  51  80]
[185  37  33 208  35  29  36  85]
[183  43  41 206  44  38  43  85]
[181  54  54 202  57  52  56  82]
[181  54  51 201  52  49  53  80]
[183  39  34 205  34  30  36  83]
[185  20  15 208  17   9  18  89]
[184  16  11 208  14   5  15  90]
[188  20  15 211  20  11  19  90]
[191  23  20 213  23  14  23  90]
[190  24  21 214  22  14  23  89]
[187  22  18 211  20  12  21  89]
[185  21  16 208  19  11  20  89]
[185  22  18 208  21  13  21  89]
[183  33  30 206  33  26  32  87]
[178  51  50 199  54  49  52  83]
[173  68  67 192  71  67  70  78]
[175  64  62 194  63  60  63  77]
[182  47  43 203  43  40  44  81]
[188  32  28 210  31  24  31  87]
[191  29  27 213  30  21  30  88]
[191  31  30 214  31  23  31  87]
[191  28  26 214  27  19  28  88]
[189  22  19 212  20  12  21  89]
[187  17  12 210  14   6  15  90]
[185  13   8 209  11   2  12  91]
[187  14  10 210  13   4  13  91]
[189  18  14 212  17   8  17  91]
[189  34  31 213  35  27  34  87]
[155  50  53 173  53  47  53  83]
[153  74  74 164  79  75  75  76]
[184  68  67 205  68  65  68  77]
[184  61  58 206  58  56  58  78]
[184  49  45 207  48  44  47  81]
[183  55  52 206  56  52  54  81]
[182  63  63 202  67  63  65  79]
[181  62  60 201  61  58  61  78]
[182  48  43 204  43  40  45  81]
[183  30  25 206  27  21  28  86]
[182  24  19 206  23  15  22  88]
[183  23  19 206  22  14  22  89]
[184  23  18 207  22  13  21  89]
[184  22  18 207  21  12  21  89]
[184  22  18 207  21  13  21  89]
[183  23  19 207  22  14  22  89]
[184  25  21 208  24  16  24  88]
[182  37  34 205  37  31  36  86]
[178  54  54 198  59  53  57  82]
[174  73  74 193  77  74  76  77]
[177  69  68 195  69  67  69  76]
[182  50  46 203  46  43  47  80]
[187  30  25 209  27  20  28  87]
[188  21  18 211  21  12  21  90]
[189  22  19 212  22  13  21  90]
[188  22  18 211  21  12  21  90]
[187  19  15 210  16   8  17  90]
[185  15  10 209  12   4  13  91]
[185  12   7 208  10   1  11  91]
[186  13   8 209  11   1  11  92]
[188  16  11 212  15   6  15  91]
[188  33  30 212  34  26  32  88]
[155  49  53 172  54  47  53  83]
[153  72  71 165  76  72  72  77]
[185  68  68 205  68  66  69  78]
[184  67  64 206  64  63  65  77]
[186  59  56 208  58  56  58  79]
[186  61  59 208  62  60  61  79]
[185  65  65 205  67  65  67  79]
[183  65  63 204  63  61  64  78]
[183  56  52 205  52  50  54  79]
[183  45  41 206  43  39  43  82]
[182  41  36 205  39  34  39  83]
[181  40  35 204  38  33  38  84]
[180  39  34 203  37  32  37  84]
[180  38  33 202  37  31  36  84]
[180  37  32 203  36  30  35  84]
[182  36  31 204  35  29  34  85]
[183  36  32 206  35  29  34  85]
[180  45  43 202  47  41  45  84]
[176  60  60 196  65  60  63  81]
[174  77  78 192  81  79  80  76]
[177  73  73 195  73  71  73  76]
[181  54  50 201  49  46  51  80]
[182  31  26 204  27  21  28  86]
[182  19  14 205  17   8  17  90]
[183  18  13 206  16   7  16  90]
[183  17  13 206  16   7  16  90]
[183  16  11 207  14   5  15  90]
[183  15  10 207  12   3  13  91]
[184  14   8 207  11   2  12  91]
[184  17  11 209  15   6  15  90]
[185  23  18 210  22  14  22  88]
[186  40  37 210  42  36  40  85]
[154  55  58 170  59  53  58  81]
[156  70  68 169  74  69  70  76]
[190  69  68 211  71  68  70  77]
[190  72  71 211  73  71  72  75]
[191  69  68 213  70  68  69  76]
[191  68  67 212  69  67  68  77]
[190  68  67 211  69  66  68  77]
[187  66  66 209  66  64  66  77]
[187  64  62 209  62  60  63  77]
[186  60  57 209  58  56  59  78]
[185  58  54 209  56  54  57  79]
[184  57  53 207  55  53  56  79]
[183  56  52 206  54  52  55  79]
[183  55  51 206  53  51  54  80]
[184  53  49 206  51  49  52  80]
[185  52  47 208  49  47  50  81]
[185  51  47 208  49  46  50  81]
[183  57  54 205  57  55  56  80]
[179  67  66 199  70  67  68  78]
[177  78  77 195  80  79  79  76]
[178  75  74 197  75  73  75  75]
[180  62  58 201  58  56  60  77]
[181  46  41 204  42  39  43  82]
[181  37  31 204  35  29  34  84]
[182  34  29 205  32  26  32  85]
[182  33  27 206  31  24  30  85]
[183  31  26 207  29  23  29  85]
[184  31  25 208  28  22  28  85]
[184  31  25 209  29  23  28  85]
[185  36  30 210  34  29  34  85]
[186  43  38 211  43  38  42  83]
[189  55  51 212  56  53  55  80]
[156  63  65 173  65  62  65  78]
[134  69  73 145  77  71  75  82]
[158  69  74 170  76  71  74  84]
[158  72  77 171  78  73  77  82]
[159  70  74 171  75  71  74  83]
[159  68  72 171  73  69  72  83]
[158  67  71 171  72  68  71  83]
[157  67  71 170  72  68  71  83]
[157  68  71 169  73  68  72  83]
[156  68  72 168  74  69  73  83]
[155  69  73 167  74  69  73  83]
[154  69  73 166  75  70  74  83]
[153  70  74 165  76  71  74  83]
[153  70  74 164  76  71  74  83]
[153  69  73 165  74  69  73  83]
[153  67  71 166  72  67  71  83]
[153  66  70 166  71  67  70  83]
[152  68  72 163  74  70  73  83]
[150  72  76 160  79  75  77  82]
[148  76  81 158  83  79  81  82]
[148  74  79 159  80  75  79  82]
[148  69  72 161  71  68  72  83]
[149  62  63 163  64  60  64  85]
[150  57  57 164  59  54  59  86]
[151  54  54 165  57  52  56  86]
[152  52  52 166  55  50  55  87]
[152  51  51 167  54  48  54  87]
[153  51  51 167  54  48  54  87]
[153  52  53 168  55  50  55  87]
[155  57  58 168  61  56  60  86]
[155  62  65 168  68  63  67  85]
[157  68  72 169  74  70  72  84]
[134  70  75 143  75  72  76  80]
