169
132
83
121
198
176
160
58
212
187
173
83
193
187
169
142
187
182
214
223
223
163
135
83
185
169
169
110
212
198
187
107
176
219
103
83
114
212
214
231
198
212
227
163
173
203
216
219
196
226
153
117
163
227
203
237
196
214
239
227
187
205
234
229
179
198
201
198
193
196
153
212
166
179
214
233
190
196
205
146
169
166
58
69
160
193
163
139
193
201
198
87
190
201
203
160
208
210
128
90
190
221
203
166
221
223
223
146
205
214
219
208
201
221
227
227
212
198
166
196
196
203
227
224
223
224
223
139
205
205
121
83
187
216
196
153
218
221
219
146
205
214
216
203
176
121
30
71
190
187
142
30
208
198
182
40
185
182
166
135
182
182
90
107
176
201
160
132
196
201
198
110
187
193
203
190
214
218
240
245
234
169
128
96
187
176
182
146
223
212
205
96
210
210
234
238
237
198
146
103
205
201
198
160
231
221
219
135
179
128
40
83
198
196
163
44
212
203
185
69
187
187
187
187
236
227
149
121
231
237
235
205
240
240
238
142
236
239
239
231
208
214
142
107
201
223
169
237
218
196
235
237
196
176
223
226
