[255  79  75 255  89  75  79 128]
[255  75  69 255  75  66  75 124]
[255  79  72 255  79  72  79 124]
[255  79  72 255  79  72  79 120]
[255  75  69 255  75  69  75 124]
[255  82  79 255  86  79  86 124]
[255  97  93 255 104  97 100 120]
[255 104 100 255 112 104 108 116]
[255 112 112 255 116 112 116 116]
[255 112 112 255 120 116 116 116]
[255 116 116 255 124 120 120 112]
[255 120 116 255 124 120 120 112]
[255 116 112 255 120 116 120 112]
[255 112 108 255 120 112 116 112]
[255 116 112 255 120 116 116 112]
[255 100 100 255 100  97 100 112]
[255  97  93 255 112  93  97 120]
[255  97  93 255 100  93 100 116]
[255  97  93 255 100  93  97 116]
[255  93  89 255 100  89  97 116]
[255  89  89 255  93  86  93 120]
[255 100 100 255 108 100 104 120]
[255 120 120 255 128 124 124 116]
[255 128 132 255 140 132 136 108]
[255 136 140 255 148 140 140 108]
[255 140 144 255 148 144 144 108]
[255 144 144 255 152 148 148 108]
[255 144 144 255 152 148 148 108]
[255 140 144 255 152 148 148 108]
[255 140 144 255 148 144 144 108]
[255 140 144 255 148 144 144 108]
[255 112 112 255 120 112 116 116]
[255  82  75 255  93  75  79 128]
[255  89  86 255  93  82  89 128]
[255  79  72 255  79  72  79 132]
[255  82  82 255  86  79  86 128]
[255  79  75 255  79  72  79 124]
[255  63  60 255  66  54  63 132]
[255 104 104 255 112 104 108 124]
[255 124 124 255 132 124 128 112]
[255 120 124 255 132 124 128 112]
[255 104 104 255 112 104 108 124]
[255 108 112 255 120 108 116 120]
[255 132 132 255 140 136 136 112]
[255 116 120 255 128 120 124 116]
[255 140 144 255 152 148 148 112]
[255 140 144 255 152 148 148 108]
[255  86  86 255  89  79  86 120]
[255  72  66 255  82  66  69 128]
[255  44  40 255  42  34  42 144]
[255  23  22 255  24  17  23 148]
[255  40  40 255  42  32  42 148]
[255  40  38 255  42  32  42 144]
[255  40  36 255  42  32  40 144]
[255  86  86 255  93  86  89 128]
[255 120 120 255 128 120 124 116]
[255 120 124 255 128 120 124 112]
[255 116 116 255 124 116 120 120]
[255 128 128 255 136 132 132 120]
[255 132 136 255 144 136 136 112]
[255  97  89 255  97  89  97 116]
[255 136 140 255 148 144 144 116]
[255 140 144 255 152 144 148 108]
[255 108 108 255 108 104 108 116]
[255 100  97 255 120 100 104 120]
[255  42  36 255  34  32  38 140]
[255  36  31 255  36  29  36 136]
[255  19  15 255  15  13  16 156]
[255  15  14 255  15  10  15 156]
[255  47  44 255  52  42  49 144]
[255  86  86 255  93  86  89 124]
[255 116 116 255 124 116 120 116]
[255 128 132 255 136 132 132 108]
[254 132 132 255 140 136 136 108]
[255 128 132 255 140 132 132 108]
[255 132 132 255 140 136 136 112]
[255  86  75 255  82  75  86 132]
[255 124 132 255 136 132 132 128]
[255 156 156 255 167 163 163 104]
[255 148 152 255 156 152 152 100]
[255 144 144 255 156 152 148 108]
[255 136 140 255 136 140 136 116]
[255 108 104 255 112 112 108 120]
[255  40  34 255  29  29  32 156]
[255  17  15 255  17  12  17 156]
[255  57  54 255  63  52  60 140]
[255  89  89 255  97  89  93 128]
[255 100 100 255 108 100 104 128]
[255  97  97 255 104  97 104 128]
[255  93  93 255  97  89  97 136]
[255  66  66 255  69  60  69 148]
[255  54  54 255  57  47  60 156]
[255  26  23 255  26  18  24 159]
[255 112 120 255 124 116 120 140]
[255 159 159 255 174 170 167 104]
[255 156 163 255 167 167 163 100]
[255 152 152 255 163 163 159 108]
[255 167 170 255 170 174 167  97]
[255 163 167 255 167 174 167 100]
[255  52  49 255  42  38  47 144]
[255  13  11 255  13   8  13 156]
[255  27  26 255  29  21  27 148]
[255  38  32 255  36  29  34 136]
[255  57  49 255  54  49  54 132]
[255  79  69 255  75  72  75 128]
[255  82  72 255  79  75  79 128]
[255  22  16 255  17  14  18 159]
[255   6   4 255   5   3   5 170]
[255  10   8 255  11   7  10 170]
[255  97 108 255 112 104 108 144]
[255 152 152 255 163 159 156 104]
[255 144 152 255 159 156 152 104]
[255 112 112 255 136 120 120 120]
[255 128 140 255 144 136 136 128]
[255 136 152 255 148 148 148 120]
[255  40  36 255  31  27  34 144]
[255  24  21 255  24  18  24 152]
[255  57  54 255  63  54  60 140]
[255  86  86 255  93  86  89 128]
[255 108 112 255 116 108 112 116]
[255 140 140 255 148 148 144 108]
[255 144 144 255 152 152 148 116]
[255  34  29 255  26  23  29 156]
[255   5   3 255   4   2   4 170]
[255   8   7 255   9   6   8 167]
[255  89 100 255 108  97 104 144]
[255 156 159 255 167 167 159 104]
[255 144 148 255 156 152 152 104]
[255  97  93 255 112  93  97 124]
[255  44  40 255  42  36  42 152]
[255  29  31 255  32  23  32 156]
[255  21  18 255  18  14  19 156]
[255  23  21 255  24  17  23 156]
[255  44  44 255  47  40  47 148]
[255  63  60 255  63  54  63 136]
[255  69  69 255  72  63  69 136]
[255  63  66 255  69  60  69 152]
[255  49  52 255  52  42  54 159]
[255  15  14 255  12   8  14 159]
[255  22  16 255  21  15  19 167]
[255  40  32 255  40  32  36 159]
[255 104 108 255 120 112 112 140]
[255 152 156 255 163 159 156 104]
[255 136 140 255 148 144 144 108]
[255  89  82 255 104  86  89 128]
[255  27  22 255  22  17  23 152]
[255  27  22 255  26  19  26 156]
[255  36  31 255  34  29  34 148]
[255  42  34 255  40  34  40 148]
[255  44  40 255  44  38  44 144]
[255  49  42 255  52  44  49 136]
[255  52  49 255  52  44  52 140]
[255  15  12 255  12   8  13 163]
[255   5   4 255   4   2   5 170]
[255  31  29 255  38  26  34 163]
[255 140 140 255 152 148 144 136]
[255 148 156 255 163 159 159 116]
[255 140 140 255 144 144 140 112]
[255 144 148 255 152 152 148 104]
[255 128 128 255 132 132 132 108]
[255  86  82 255 100  82  86 128]
[255  22  17 255  16  13  18 156]
[255  72  72 255  79  69  75 144]
[255  89  86 255  93  82  89 120]
[255  89  89 255  97  89  93 120]
[255  97  97 255 100  93 100 120]
[255  86  82 255  89  82  86 120]
[255  72  69 255  75  69  75 128]
[255  16  13 255  12  10  14 163]
[255   5   4 255   5   3   5 170]
[255  32  34 255  42  31  38 159]
[255 148 148 255 159 156 152 120]
[255 152 159 255 167 163 159 104]
[255 140 140 255 144 140 140 108]
[255 156 159 255 163 163 159 104]
[255 132 136 255 140 136 136 108]
[255  93  89 255 108  93  93 128]
[255  19  15 255  15  11  16 163]
[255  38  38 255  40  32  40 159]
[255  47  44 255  47  38  49 152]
[255  49  49 255  52  42  52 152]
[255  57  57 255  60  49  60 148]
[255  63  60 255  66  57  66 144]
[255  57  54 255  57  47  57 148]
[255  14  11 255  10   8  11 163]
[255   6   4 255   5   3   5 167]
[255  24  24 255  32  22  29 163]
[255 112 112 255 120 112 120 144]
[255 116 116 255 124 116 120 136]
[255 120 124 255 132 124 124 132]
[255 156 159 255 163 163 159 112]
[255 132 136 255 140 136 136 108]
[255 100  97 255 120 100 104 124]
[255  32  24 255  24  21  27 159]
[255  14  11 255  14   9  13 163]
[255  13  10 255  11   8  12 163]
[255   6   5 255   6   3   6 170]
[255  11  10 255  11   8  11 163]
[255  13  11 255  13   8  12 159]
[255  10   8 255  10   6  10 167]
[255  12  10 255  11   8  11 163]
[255  17  14 255  17  12  17 159]
[255  11   8 255   9   6   9 163]
[255  14  12 255  15   9  14 156]
[255  13  12 255  14   8  13 163]
[255  24  26 255  29  21  29 167]
[255  86  86 255  89  79  89 156]
[255  86  97 255  86  75  89 136]
[255 108 104 255 128 108 108 120]
[255  40  34 255  34  29  36 148]
[255  42  42 255  49  38  47 152]
[255  42  36 255  38  32  40 148]
[255   6   4 255   5   3   5 170]
[255  10   8 255  10   6  10 167]
[255  10   9 255   9   6  10 163]
[255   7   5 255   6   4   6 167]
[255  36  34 255  42  32  38 159]
[255  82  79 255  93  79  89 132]
[255  29  23 255  23  19  24 156]
[255  13  11 255  11   8  11 159]
[255  10   8 255   9   6  10 163]
[255   5   4 255   4   3   5 170]
[255   8   7 255   8   5   8 170]
[255  38  47 255  44  32  47 156]
[255 104 104 255 124 108 108 120]
[255  79  69 255  69  66  72 132]
[255  72  72 255  79  72  79 132]
[255  72  66 255  66  60  69 132]
[255  26  21 255  23  18  23 159]
[255  19  15 255  17  13  17 163]
[255  17  13 255  16  11  15 163]
[255  15  12 255  15  10  14 163]
[255  57  57 255  72  57  66 152]
[255 116 120 255 132 124 128 116]
[255  42  34 255  32  27  36 156]
[255   7   6 255   7   4   6 167]
[255   7   5 255   6   4   6 167]
[255   4   3 255   4   2   4 170]
[255   7   5 255   7   4   7 174]
[255  44  52 255  54  40  52 159]
[255  89 104 255 116  93 108 144]
[255  97 116 255 120 100 116 140]
[255  82  97 255 100  86  97 140]
[255  82  93 255 100  82  97 140]
[255  86 100 255 104  86 100 140]
[255  89 104 255 112  93 104 140]
[255  89 104 255 112  93 104 140]
[255  79  93 255  97  79  93 140]
[255  97 112 255 124 108 116 140]
[255 120 132 255 140 124 132 136]
[255  86  97 255  93  82  97 148]
[255  49  49 255  54  42  54 152]
[255  38  38 255  44  34  44 156]
[255  38  40 255  44  34  44 156]
[255  63  72 255  82  66  79 152]
[255  89 108 255 108  97 112 144]
