[128 113 138 124]
[120 105 134 120]
[118 105 132 120]
[115 105 130 120]
[103  99 126 111]
[ 97  86 115 101]
[ 99  84 115 101]
[107  95 126 109]
[111 101 130 113]
[113 101 132 115]
[113 103 130 113]
[109 101 128 113]
[109  99 126 111]
[109  99 122 113]
[111  97 122 111]
[109  97 120 111]
[109  97 120 111]
[107  97 118 109]
[105  93 115 105]
[103  91 113 103]
[103  93 113 103]
[105  95 115 105]
[107  97 120 109]
[109  99 122 111]
[111 101 122 113]
[111 105 122 118]
[115 107 124 122]
[120 105 124 124]
[120 105 124 126]
[118 103 122 124]
[113 101 120 120]
[113  97 115 120]
[118 101 118 124]
[118 103 120 128]
[120 103 122 130]
[128 103 128 128]
[130 105 134 130]
[128 115 141 130]
[126 115 141 128]
[122 118 141 130]
[128 113 138 134]
[130 113 141 138]
[128 115 143 141]
[136 109 143 138]
[130 113 145 138]
[126 113 143 134]
[128 111 141 136]
[130 113 141 138]
[126 111 132 134]
[126 105 128 130]
[124 107 130 130]
[122 107 130 128]
[120 105 130 126]
[118 105 128 126]
[120 103 126 130]
[124 105 124 134]
[124 107 124 136]
[120 105 124 134]
[115  99 122 128]
[115  95 122 130]
[118  97 120 134]
[122  99 120 136]
[122  99 122 136]
[183  99 134 136]
[128 113 138 124]
[122 105 134 122]
[118 107 134 122]
[115 105 130 118]
[103  99 118 111]
[ 95  84 101  99]
[ 97  82 101  99]
[105  91 111 107]
[107  97 120 111]
[111  97 124 111]
[109  99 124 111]
[109 101 122 111]
[107  99 118 111]
[109  97 113 111]
[111  95 113 111]
[109  97 113 111]
[109  99 113 111]
[107  97 109 109]
[105  95 105 105]
[103  93 101 103]
[101  91 101 103]
[105  93 105 105]
[107  97 107 107]
[109  99 111 111]
[111  99 111 111]
[109 103 113 115]
[113 105 118 120]
[118 103 120 122]
[118 103 120 124]
[115 103 118 122]
[115 101 115 122]
[115 101 115 122]
[118 103 113 124]
[118 103 118 126]
[126 105 120 130]
[130 109 128 132]
[134 113 136 132]
[126 113 141 130]
[128 115 141 130]
[124 118 141 132]
[130 115 138 134]
[130 115 141 138]
[128 115 143 141]
[136 107 143 138]
[128 111 145 141]
[126 109 141 132]
[128 109 138 136]
[128 111 138 136]
[124 109 132 134]
[126 105 128 130]
[124 105 130 130]
[124 107 130 128]
[120 109 130 128]
[118 105 126 128]
[120 103 124 130]
[122 103 122 132]
[120 105 124 134]
[118 103 124 132]
[115  97 122 130]
[118  97 122 132]
[122  99 120 138]
[124 101 122 138]
[124 101 122 138]
[183  99 134 138]
[130 113 138 126]
[124 107 136 124]
[118 107 134 120]
[111 105 128 118]
[ 97  95 111 107]
[91 78 91 95]
[89 77 88 93]
[95 82 97 99]
[ 99  88 105 103]
[101  89 109 103]
[103  93 113 107]
[105  97 115 111]
[105  95 113 109]
[107  91 109 109]
[107  93 109 109]
[107  95 111 109]
[107  97 111 109]
[107  95 109 109]
[105  93 105 105]
[101  91 101 101]
[101  91  99 101]
[103  93 101 103]
[103  95 105 105]
[105  95 107 107]
[107  97 109 109]
[107  99 109 111]
[109  99 113 113]
[113  99 115 118]
[113 101 115 120]
[113 101 115 120]
[118 101 118 122]
[118 101 118 122]
[118 103 113 122]
[118 103 115 126]
[124 107 122 130]
[130 111 128 132]
[134 115 136 130]
[126 115 138 128]
[126 113 138 128]
[124 115 138 130]
[130 115 138 134]
[130 115 143 138]
[132 118 141 141]
[134 111 141 138]
[124 113 141 141]
[126 107 136 132]
[128 109 138 134]
[128 111 138 136]
[124 111 132 134]
[124 105 130 130]
[126 105 130 128]
[124 109 130 130]
[118 109 128 130]
[120 105 126 128]
[120 103 122 130]
[118 103 122 130]
[113  99 122 128]
[113  97 122 130]
[118  97 122 132]
[120  99 120 136]
[122 101 120 138]
[122 101 120 138]
[122  99 118 138]
[181  97 128 136]
[130 113 141 126]
[124 107 138 124]
[120 107 134 120]
[107 105 126 118]
[ 95  89 105 105]
[86 75 84 91]
[82 68 75 86]
[88 75 84 91]
[93 82 93 97]
[97 86 99 99]
[ 99  88 105 103]
[101  91 107 107]
[101  91 103 107]
[105  88  99 107]
[103  88  99 105]
[101  89  99 103]
[101  89 101 103]
[101  91 101 103]
[ 99  89  99 101]
[97 86 95 97]
[97 88 95 97]
[ 99  89  99 101]
[101  93 101 103]
[105  95 105 107]
[109  99 111 111]
[111  99 111 113]
[109  99 111 113]
[111  99 113 115]
[111  99 113 115]
[113  99 115 118]
[118 101 118 122]
[118 103 118 122]
[113 101 113 120]
[118  99 113 120]
[122 105 120 124]
[126 111 126 126]
[126 113 132 128]
[126 113 136 128]
[126 115 138 128]
[124 115 138 130]
[130 115 141 132]
[130 115 141 138]
[130 118 141 141]
[134 113 141 138]
[126 113 138 138]
[126 107 134 132]
[128 109 136 134]
[126 111 136 134]
[122 111 132 134]
[124 105 130 132]
[126 105 130 130]
[124 109 130 132]
[120 109 128 128]
[120 105 124 130]
[120 105 122 130]
[113 101 120 130]
[113  95 120 128]
[113  95 122 130]
[118  97 122 132]
[120  99 120 136]
[122  99 118 136]
[118  97 113 134]
[115  91 105 130]
[174  88 115 124]
[130 113 138 126]
[124 109 138 126]
[120 109 134 122]
[107 105 124 115]
[ 97  91 103 107]
[84 73 80 89]
[78 65 70 82]
[84 71 77 89]
[93 82 89 99]
[ 95  84  95 101]
[ 97  86  97 101]
[ 97  84  97 101]
[ 97  84  93 101]
[99 80 88 97]
[91 80 84 95]
[88 78 82 91]
[91 80 88 95]
[93 82 88 93]
[91 82 88 93]
[93 82 88 93]
[95 84 89 95]
[99 89 95 99]
[101  91  99 103]
[105  95 103 107]
[113 101 111 113]
[113 101 113 115]
[111 101 113 115]
[111 101 113 115]
[111  99 113 115]
[113  99 115 118]
[115 101 115 120]
[115 101 115 120]
[113  99 111 118]
[118 101 115 120]
[122 105 120 122]
[122 111 126 124]
[122 113 130 126]
[124 113 134 126]
[126 115 138 128]
[124 115 136 128]
[128 115 138 132]
[128 115 141 136]
[128 118 141 138]
[130 113 138 136]
[126 111 136 134]
[126 107 134 132]
[126 107 134 132]
[124 111 134 132]
[122 109 130 130]
[124 105 128 130]
[126 105 128 130]
[122 109 128 130]
[120 107 126 128]
[120 105 122 130]
[115 103 120 130]
[111 101 118 128]
[113  93 120 128]
[115  93 120 130]
[118  97 120 132]
[120  97 118 134]
[115  95 111 132]
[109  88  99 124]
[ 97  80  86 115]
[161  70  91 103]
[132 113 138 128]
[124 109 136 126]
[120 109 134 122]
[109 105 126 118]
[ 99  91 105 107]
[86 75 80 89]
[77 66 68 82]
[84 70 73 89]
[95 82 88 99]
[97 84 91 99]
[93 82 91 99]
[93 80 88 97]
[89 78 82 95]
[86 75 75 89]
[78 68 70 86]
[77 66 66 80]
[80 70 71 86]
[84 71 73 86]
[86 77 77 88]
[88 77 80 88]
[91 80 84 91]
[93 86 88 95]
[97 88 91 99]
[103  91  97 105]
[111  99 109 113]
[111 101 111 115]
[111 101 111 115]
[111 101 111 115]
[111  99 111 115]
[111  99 111 118]
[111  99 111 115]
[111  99 113 115]
[111  99 111 118]
[118 101 115 118]
[122 105 120 122]
[122 111 126 122]
[124 113 130 124]
[126 115 134 126]
[124 115 136 128]
[124 113 136 128]
[126 113 138 130]
[128 115 141 134]
[128 115 141 136]
[130 113 141 134]
[126 109 136 132]
[124 107 132 130]
[124 109 134 130]
[122 109 134 130]
[122 107 128 130]
[122 103 126 130]
[124 105 126 128]
[122 109 126 130]
[120 107 124 130]
[118 105 122 130]
[113 103 120 130]
[115  97 118 132]
[118  95 118 132]
[118  95 118 132]
[118  97 118 134]
[118  95 115 132]
[109  89 105 126]
[ 97  77  86 111]
[80 66 63 99]
[157  52  68  75]
[132 113 138 128]
[120 111 136 124]
[118 105 132 122]
[109 105 126 120]
[101  91 105 107]
[88 77 84 93]
[78 68 70 84]
[86 71 75 91]
[95 82 86 99]
[95 82 88 99]
[91 80 86 97]
[88 77 80 93]
[78 75 73 89]
[73 63 62 77]
[65 59 56 82]
[80 54 54 71]
[77 59 62 84]
[80 66 66 82]
[80 70 68 82]
[84 73 73 84]
[86 75 77 86]
[88 78 80 89]
[89 82 82 93]
[95 86 88 97]
[103  91  97 105]
[107  93 101 109]
[107  99 107 113]
[109  99 109 113]
[111 101 111 115]
[113  99 111 115]
[111  99 113 115]
[111  99 113 115]
[113  99 113 115]
[120 101 118 118]
[122 107 122 122]
[124 111 126 124]
[126 115 132 126]
[126 115 136 128]
[126 115 138 128]
[126 115 138 130]
[124 113 138 130]
[126 113 138 132]
[128 115 141 134]
[128 115 138 136]
[126 111 134 132]
[124 109 134 130]
[124 109 134 132]
[122 107 134 130]
[120 103 126 128]
[124 103 122 128]
[122 105 124 128]
[120 105 122 128]
[115 107 122 128]
[115 105 120 128]
[115  99 120 130]
[120  97 120 134]
[118  97 115 132]
[118  97 118 132]
[118  97 118 132]
[115  95 115 132]
[107  88 101 122]
[ 89  75  78 109]
[68 57 50 88]
[155  42  56  66]
[128 113 138 126]
[113 107 132 120]
[118  99 130 120]
[109 103 126 122]
[103  91 107 109]
[91 80 88 97]
[82 71 73 88]
[88 75 77 93]
[93 78 84 97]
[93 78 86 97]
[88 77 80 93]
[84 73 73 89]
[66 75 63 91]
[77 53 49 77]
[68 54 46 88]
[91 50 48 84]
[82 57 56 88]
[78 60 59 78]
[78 68 63 82]
[80 70 66 82]
[80 70 68 80]
[80 71 70 82]
[80 73 71 84]
[86 75 75 88]
[91 82 84 95]
[ 99  86  91 101]
[103  93  99 107]
[107  97 107 113]
[111  99 111 115]
[113  99 111 115]
[111  99 113 115]
[111  97 113 115]
[113  97 113 115]
[118  99 118 115]
[120 107 122 120]
[124 111 128 124]
[126 115 134 126]
[126 115 136 128]
[126 118 138 128]
[126 115 138 128]
[124 113 136 128]
[126 111 134 130]
[126 113 136 132]
[126 113 134 132]
[126 109 134 132]
[124 109 132 130]
[124 111 134 132]
[126 111 134 132]
[122 103 124 128]
[120 101 118 126]
[118 101 115 124]
[120 105 120 126]
[115 107 120 128]
[115 105 122 128]
[115  97 120 132]
[120  95 118 130]
[115  95 113 130]
[118  95 115 130]
[118  95 118 132]
[115  95 115 130]
[109  86 101 120]
[ 84  78  75 111]
[65 56 44 82]
[157  42  53  68]
[124 109 132 122]
[113 103 128 118]
[113  99 126 118]
[107  99 120 118]
[103  91 103 109]
[93 82 89 99]
[84 73 75 89]
[88 75 75 95]
[93 78 82 95]
[89 77 80 93]
[84 73 73 89]
[80 71 66 86]
[63 77 56 93]
[89 52 43 84]
[ 95  65  44 105]
[93 70 45 99]
[86 70 49 89]
[80 63 52 82]
[77 62 54 78]
[71 62 56 73]
[71 63 60 75]
[73 63 60 73]
[71 63 59 75]
[77 66 62 80]
[82 71 70 86]
[91 80 82 93]
[101  86  93 103]
[105  93 101 109]
[109  97 107 113]
[111  99 111 113]
[109  97 111 115]
[107  95 109 113]
[113  97 111 113]
[113  97 113 113]
[118 105 122 118]
[122 111 128 122]
[124 113 132 124]
[126 113 136 126]
[124 113 136 128]
[120 107 130 124]
[120 107 126 124]
[111  99 115 118]
[107  93 107 113]
[113  99 118 118]
[120 105 128 128]
[124 107 132 126]
[124 111 132 132]
[126 111 130 132]
[126 103 124 126]
[109  95 109 115]
[ 95  80  86 103]
[118  99 109 122]
[122 113 122 130]
[120 115 124 136]
[120 101 120 132]
[118  93 118 130]
[115  95 113 128]
[115  95 115 130]
[111  95 113 130]
[109  88 109 124]
[101  82  97 115]
[ 70  71  65 103]
[59 50 39 78]
[163  45  62  73]
[115  95 118 105]
[ 99  88 109 107]
[105  88 111 107]
[105  93 113 113]
[101  89 101 105]
[89 77 88 95]
[80 70 75 88]
[82 68 70 88]
[89 75 77 93]
[88 77 77 93]
[82 70 70 86]
[77 68 62 84]
[63 71 50 95]
[97 49 37 86]
[ 89  70  44 101]
[84 71 46 91]
[82 68 52 84]
[84 68 59 86]
[82 70 59 84]
[71 65 54 77]
[66 57 52 68]
[63 54 49 65]
[60 56 45 66]
[68 60 50 73]
[78 66 62 82]
[89 77 77 93]
[101  84  91 103]
[103  91  99 107]
[107  95 105 111]
[111  97 109 113]
[109  97 109 115]
[105  93 107 109]
[113  93 111 113]
[115  97 113 115]
[118 105 120 120]
[118 109 124 120]
[115 107 122 118]
[111 101 118 115]
[103  95 109 109]
[91 82 91 95]
[77 68 73 84]
[66 57 59 71]
[80 66 70 84]
[103  91 101 109]
[128 111 132 128]
[130 115 138 132]
[126 115 136 130]
[128 113 130 130]
[124 107 126 126]
[103  91 101 105]
[70 59 57 68]
[111  82  88  93]
[118 113 122 132]
[130 118 130 145]
[132 120 122 138]
[113 105 118 130]
[118  88 115 130]
[115  97 122 132]
[113  95 120 130]
[113  89 113 124]
[ 97  78  91 111]
[73 66 60 93]
[62 53 42 77]
[163  46  62  75]
[86 63 78 66]
[73 62 65 80]
[95 78 97 97]
[ 99  86 103 107]
[ 95  86  99 103]
[84 71 84 89]
[78 66 71 84]
[77 63 65 80]
[78 68 65 84]
[80 68 65 84]
[75 65 60 80]
[68 62 52 77]
[68 66 44 91]
[97 57 36 80]
[73 59 39 84]
[75 63 45 78]
[80 65 53 80]
[84 70 60 86]
[80 70 60 82]
[71 65 54 77]
[66 57 45 68]
[53 48 34 57]
[54 48 33 59]
[66 57 44 71]
[78 65 56 82]
[88 75 71 93]
[ 97  82  86 101]
[ 99  88  95 103]
[105  91 101 109]
[109  95 109 113]
[107  97 109 115]
[107  93 105 111]
[113  93 111 113]
[115  95 113 115]
[109  97 109 111]
[ 97  89  99 101]
[82 77 82 88]
[68 62 63 73]
[56 50 48 60]
[49 42 37 50]
[41 36 31 44]
[50 44 36 50]
[77 65 60 75]
[113 101 105 113]
[130 113 132 128]
[130 115 138 132]
[128 118 141 130]
[130 120 138 132]
[124 113 130 126]
[ 97  91 101 103]
[46 44 39 49]
[54 60 57 82]
[120 107 118 132]
[126 115 132 134]
[128 118 130 145]
[138 113 122 145]
[151 118 122 149]
[126 113 124 141]
[115  95 120 128]
[118  88 111 124]
[ 91  75  86 103]
[71 56 59 82]
[60 53 43 75]
[159  46  59  71]
[78 43 36 46]
[59 36 29 62]
[86 66 80 89]
[91 71 93 97]
[84 71 91 95]
[82 68 82 86]
[75 63 66 80]
[70 57 53 71]
[60 50 43 63]
[60 50 42 63]
[62 52 42 66]
[63 54 42 68]
[65 57 39 77]
[80 57 35 77]
[70 60 37 77]
[70 60 43 75]
[77 62 50 78]
[77 66 56 80]
[75 65 56 77]
[70 63 52 75]
[62 53 37 63]
[44 41 23 48]
[49 42 27 54]
[65 54 41 68]
[75 62 50 78]
[84 71 63 89]
[93 77 78 95]
[ 95  84  89 101]
[103  88  97 107]
[109  93 105 111]
[111  97 107 118]
[111  95 105 115]
[109  93 105 111]
[109  91 105 109]
[93 84 93 97]
[71 66 70 75]
[59 53 50 60]
[52 45 41 50]
[53 45 36 49]
[68 57 48 62]
[82 73 65 75]
[80 80 66 82]
[95 80 80 91]
[124 111 120 122]
[130 120 141 130]
[130 120 143 130]
[130 120 143 130]
[130 122 143 132]
[128 118 136 128]
[107 103 113 109]
[42 46 36 45]
[53 41 31 59]
[147  99 107 101]
[128 118 134 143]
[128 115 134 132]
[124 115 130 143]
[138 126 128 149]
[130 122 122 143]
[115 101 113 128]
[115  80 101 115]
[78 68 73 93]
[68 53 50 75]
[53 53 39 71]
[159  44  50  63]
[75 45 29 45]
[62 35 21 54]
[80 65 63 86]
[84 66 77 89]
[82 65 78 86]
[82 66 77 88]
[66 59 56 75]
[49 41 30 53]
[37 31 19 42]
[41 30 19 39]
[48 39 26 52]
[57 48 32 59]
[59 50 34 63]
[60 49 34 63]
[63 53 37 65]
[65 56 42 70]
[71 60 49 75]
[73 63 52 75]
[68 60 49 70]
[62 54 41 65]
[53 46 29 57]
[35 35 17 43]
[46 36 22 50]
[63 52 35 66]
[71 59 45 77]
[82 68 59 88]
[89 75 73 93]
[91 78 82 97]
[101  86  93 105]
[107  91 101 111]
[111  97 105 118]
[113  99 107 118]
[115  99 111 115]
[118  99 113 113]
[109  95 105 107]
[97 88 91 93]
[93 86 84 91]
[97 89 86 91]
[101  97  95  99]
[113 107 113 109]
[118 113 122 113]
[107 107 115 111]
[105  86  93 101]
[126 113 128 124]
[132 122 145 132]
[134 124 149 132]
[130 120 145 128]
[128 118 141 128]
[130 118 138 128]
[118 107 126 115]
[50 60 49 60]
[48 25 21 32]
[157  66  88  95]
[128 120 134 155]
[130 120 136 132]
[128 120 136 134]
[126 115 134 130]
[118 107 124 134]
[109 105 107 130]
[113  77  88 111]
[65 63 60 80]
[50 45 39 66]
[54 42 28 59]
[157  36  48  68]
[103  56  65  86]
[77 36 29 70]
[66 57 49 75]
[68 60 62 77]
[80 59 68 82]
[78 60 66 84]
[57 50 42 65]
[31 29 15 37]
[24 18  7 26]
[26 18  7 26]
[33 25 13 35]
[44 37 21 48]
[49 41 26 53]
[54 43 30 56]
[57 48 34 60]
[62 52 39 63]
[68 57 46 70]
[68 59 48 71]
[54 52 37 62]
[50 42 27 54]
[44 39 21 50]
[46 31 13 39]
[52 42 20 56]
[57 48 30 62]
[68 56 42 73]
[78 65 54 82]
[86 71 68 89]
[89 75 77 95]
[ 97  82  88 101]
[105  91  99 111]
[111  93 103 113]
[113  99 107 115]
[120 107 115 120]
[124 107 120 120]
[122 109 122 120]
[118 111 124 115]
[118 111 126 115]
[122 113 130 118]
[126 115 136 122]
[126 118 141 124]
[124 118 141 124]
[111 111 128 118]
[109  88  99 105]
[126 118 132 126]
[130 122 143 132]
[132 122 147 132]
[130 120 145 130]
[120 120 141 126]
[126 109 136 124]
[120 107 132 120]
[60 75 65 75]
[39 25 15 29]
[95 73 75 93]
[138 107 126 132]
[128 118 136 130]
[128 118 138 132]
[126 118 136 132]
[122 113 124 126]
[105 103 101 128]
[ 95  86  78 101]
[77 56 49 88]
[77 52 37 88]
[109  50  36  91]
[147  59  66 101]
[122  73  95 115]
[109  41  54  93]
[57 45 34 62]
[57 48 46 65]
[66 50 50 71]
[65 48 46 70]
[45 35 28 50]
[23 23  9 31]
[27 15  4 26]
[20 15  3 26]
[23 17  6 26]
[33 25 12 34]
[43 33 18 44]
[46 38 23 49]
[50 42 29 53]
[57 46 33 57]
[60 50 38 63]
[57 52 36 63]
[41 41 23 49]
[41 32 17 44]
[43 35 16 46]
[53 39 20 50]
[56 52 28 60]
[57 53 32 62]
[66 53 41 70]
[77 63 53 80]
[80 68 63 86]
[84 71 71 91]
[93 77 80 97]
[103  88  95 107]
[111  91 103 111]
[111  97 107 113]
[111 103 109 115]
[118 101 113 113]
[120 109 122 120]
[126 118 134 124]
[128 120 141 126]
[130 122 145 128]
[130 120 145 126]
[126 118 143 124]
[120 113 138 120]
[109 111 128 118]
[115  93 107 111]
[130 120 136 126]
[128 120 138 128]
[126 118 141 126]
[126 118 141 126]
[113 120 138 126]
[122 101 136 120]
[113  97 130 118]
[60 73 66 80]
[37 27 14 32]
[ 54  82  56 109]
[163  82 113 145]
[128 115 136 126]
[130 120 138 130]
[128 118 136 132]
[118 113 124 126]
[111 103 109 122]
[ 86  95  75 105]
[ 93  73  62 113]
[ 93  77  60 115]
[118  71  68 107]
[130  65  93 101]
[122  84  99 141]
[124  53  53 115]
[84 34 18 71]
[48 39 24 54]
[48 37 26 56]
[46 35 23 53]
[31 23 13 35]
[21 20  5 31]
[31 19  3 33]
[23 20  2 33]
[21 14  3 22]
[26 19  7 29]
[36 28 12 37]
[38 32 17 41]
[44 34 21 45]
[48 41 25 52]
[49 42 25 50]
[43 38 21 48]
[31 27 13 35]
[35 27 12 38]
[43 35 17 44]
[53 42 26 50]
[59 53 37 66]
[59 60 38 68]
[65 52 41 68]
[73 60 52 78]
[78 66 62 84]
[84 70 68 88]
[93 75 78 95]
[101  88  91 105]
[109  91 103 107]
[109  95 109 107]
[107  97 109 107]
[115  97 107 107]
[120 111 126 122]
[128 118 138 124]
[128 118 141 126]
[130 120 145 126]
[128 118 143 126]
[120 111 136 118]
[122 113 134 120]
[111 115 130 122]
[120  95 107 113]
[130 120 138 126]
[126 120 141 126]
[124 120 143 126]
[120 118 143 124]
[113 113 134 126]
[122 103 132 126]
[120  91 124 115]
[59 71 66 88]
[30 27 15 33]
[ 59  82  41 120]
[179  93 107 159]
[126 118 136 128]
[132 122 138 132]
[128 118 134 130]
[122 113 130 128]
[113 105 115 115]
[ 82  99  82 118]
[111  84  73 128]
[107  84  80 126]
[128  78  89 120]
[138  73 111 115]
[126  84 101 141]
[122  60  41 130]
[88 50 12 91]
[65 26 11 52]
[36 30 13 43]
[31 25 10 37]
[23 18  5 29]
[21 17  3 32]
[33 23  2 38]
[36 26  2 44]
[37 23  2 39]
[26 17  4 28]
[26 18  7 26]
[28 26 10 36]
[30 24  9 33]
[33 27 10 38]
[30 28  9 36]
[27 22  7 31]
[26 19  6 29]
[33 25 10 34]
[45 33 19 44]
[54 48 31 56]
[60 53 39 65]
[57 57 39 68]
[63 56 42 66]
[70 57 50 78]
[78 65 62 84]
[88 70 70 89]
[95 78 80 97]
[103  88  91 105]
[111  93 105 109]
[111  97 111 111]
[107  97 111 109]
[113  95  99 105]
[122 115 130 126]
[128 120 141 126]
[126 118 143 124]
[124 115 138 122]
[124 115 136 122]
[126 115 141 122]
[124 115 138 122]
[109 115 128 120]
[118  93 107 111]
[122 115 134 124]
[124 115 138 122]
[122 122 147 130]
[124 120 147 132]
[118 111 136 128]
[124 103 132 128]
[120  97 124 122]
[57 71 63 91]
[27 26 16 34]
[ 59  75  32 115]
[172 107 107 157]
[124 118 132 128]
[128 120 134 128]
[126 115 132 128]
[122 115 132 128]
[113 109 118 122]
[ 89 105  91 124]
[115  84  78 132]
[111  84  84 128]
[128  80  89 124]
[141  73 115 115]
[122  84  99 138]
[128  57  43 134]
[ 86  62   7 107]
[97 36  7 70]
[32 26  7 38]
[24 20  5 30]
[21 17  3 25]
[24 17  2 30]
[39 31  2 53]
[68 44  3 82]
[68 43  3 78]
[41 26  2 48]
[24 16  3 26]
[23 21  4 31]
[31 21  3 33]
[31 20  3 31]
[23 21  3 35]
[25 15  3 26]
[27 17  4 26]
[33 24  9 33]
[49 35 21 46]
[56 53 35 60]
[63 54 41 63]
[62 56 41 70]
[68 57 42 70]
[73 59 49 78]
[78 65 60 86]
[88 71 70 91]
[93 78 78 97]
[101  86  89 103]
[107  91 103 107]
[109  95 111 109]
[105  95 111 107]
[113  93  99 101]
[122 115 132 126]
[128 120 143 126]
[126 118 143 124]
[124 113 138 122]
[124 115 138 124]
[128 120 145 126]
[126 118 143 124]
[107 113 130 118]
[115  93 107 111]
[124 115 136 124]
[124 115 138 126]
[124 122 145 132]
[126 122 147 136]
[122 111 136 132]
[120 101 128 128]
[115  93 115 120]
[52 66 54 86]
[28 25 15 33]
[57 56 31 95]
[132 101 105 132]
[124 118 134 128]
[126 120 136 128]
[124 113 132 126]
[122 111 128 124]
[118 109 118 124]
[ 99 107  95 130]
[118  91  77 130]
[115  86  80 130]
[128  84  84 126]
[151  77 118 115]
[120  84 103 141]
[122  48  59 113]
[71 50  8 91]
[77 44  4 73]
[36 31  3 57]
[38 20  3 38]
[23 17  2 26]
[23 16  1 28]
[43 35  2 62]
[105  68   4 122]
[107  68   4 124]
[63 37  2 71]
[31 18  2 30]
[21 19  3 29]
[29 25  3 36]
[31 25  2 34]
[26 22  2 33]
[29 17  2 30]
[28 18  3 29]
[36 24  9 34]
[56 43 27 52]
[65 59 45 68]
[70 63 49 71]
[68 59 46 68]
[68 59 44 73]
[77 66 52 80]
[86 75 62 89]
[95 80 75 95]
[95 82 82 99]
[ 99  86  89 101]
[103  89  97 103]
[109  93 109 107]
[109  95 111 107]
[118  95  99 105]
[124 118 134 126]
[128 120 145 128]
[128 120 145 126]
[126 115 141 124]
[126 118 138 124]
[128 120 145 126]
[126 115 143 122]
[101 111 128 118]
[111  91 109 109]
[128 118 141 128]
[128 122 145 132]
[122 122 145 132]
[122 120 143 134]
[124 109 138 132]
[122 103 130 128]
[118  86 107 109]
[49 53 42 60]
[26 25 13 33]
[57 41 30 75]
[151  95 105 105]
[128 122 138 136]
[128 120 138 130]
[124 113 132 124]
[122 111 126 126]
[120 109 122 126]
[107 109  97 130]
[126  97  68 120]
[122  95  57 138]
[132  93  66 132]
[147  95 115 124]
[122  86 105 147]
[101  60  75 126]
[56 38 20 86]
[66 41  3 77]
[57 50  3 84]
[65 42  4 68]
[31 21  3 46]
[22 16  2 26]
[38 34  2 62]
[111  71   4 126]
[115  73   4 134]
[75 42  2 78]
[31 20  2 32]
[21 14  3 21]
[20 20  3 26]
[22 18  2 26]
[26 18  1 31]
[31 17  2 30]
[28 21  4 31]
[43 27 11 38]
[63 52 34 62]
[75 68 56 77]
[75 70 59 78]
[75 63 53 73]
[80 73 54 82]
[78 71 59 80]
[89 75 71 89]
[103  91  86  99]
[105  93  93 107]
[101  91  95 105]
[103  89  99 105]
[111  91 107 107]
[109  93 109 109]
[115  93  95 103]
[122 113 128 124]
[128 120 143 126]
[128 118 143 126]
[126 115 138 122]
[124 118 138 124]
[128 120 143 126]
[126 118 143 124]
[ 93 111 122 115]
[103  89 105 105]
[126 115 138 126]
[128 120 145 130]
[120 122 145 132]
[126 113 145 136]
[128 111 143 138]
[122 103 130 130]
[ 93  77  91 101]
[37 32 26 38]
[22 23 11 31]
[60 33 29 59]
[183  97 105 126]
[130 124 138 163]
[130 120 138 130]
[122 113 128 124]
[124 115 130 128]
[122 113 128 128]
[113 107 101 130]
[126  97  54 118]
[120  93  34 136]
[130  95  44 132]
[147  99  99 130]
[122  89 107 151]
[101  70  84 145]
[ 97  54  45 109]
[66 44  7 89]
[ 75  68   5 115]
[ 91  66  14 111]
[66 33 10 71]
[27 18  2 31]
[34 31  2 56]
[107  68   3 118]
[111  73   3 132]
[73 41  2 75]
[28 20  2 31]
[20 13  2 21]
[20 16  3 23]
[29 17  2 27]
[27 20  2 31]
[32 22  3 31]
[29 23  5 31]
[45 30 14 39]
[65 56 38 65]
[78 70 60 78]
[77 71 62 80]
[80 66 57 75]
[82 77 63 86]
[82 77 66 86]
[93 77 78 91]
[109  97  99 107]
[111 107 105 115]
[109 103 103 111]
[105  95 101 105]
[111  91 107 107]
[105  93 107 107]
[109  88  88  97]
[115 109 122 118]
[126 118 138 124]
[126 118 143 124]
[128 118 143 124]
[128 120 145 126]
[130 120 149 128]
[128 120 145 124]
[ 97 111 118 118]
[103  86 101 103]
[118 111 132 122]
[120 113 136 126]
[109 113 132 124]
[122 103 132 130]
[124 103 130 132]
[105  84  99 111]
[48 57 46 70]
[26 22 15 31]
[20 20  9 26]
[63 30 26 44]
[190  89 103 130]
[126 115 134 167]
[128 115 132 124]
[122 115 126 124]
[126 118 130 128]
[126 118 130 130]
[115 107 105 128]
[126 101  53 124]
[113  89  26 132]
[122  91  34 126]
[153 101  97 134]
[122  89 107 149]
[ 99  70  88 147]
[113  63  68 134]
[ 82  53  14 109]
[ 82  80   6 132]
[113  75  26 128]
[103  54  23 109]
[33 20  4 45]
[32 28  2 50]
[103  65   3 111]
[111  75   3 132]
[75 44  2 80]
[26 19  1 32]
[21 15  2 23]
[21 16  2 23]
[27 17  2 27]
[21 18  2 27]
[32 19  5 26]
[30 30  9 36]
[46 32 18 42]
[65 56 42 65]
[78 68 60 77]
[75 70 62 78]
[82 65 62 77]
[86 78 71 88]
[82 82 71 88]
[101  78  84  99]
[109  99 105 107]
[111 105 109 113]
[107 103 105 109]
[107  95 101 105]
[111  97 109 109]
[105  95 107 103]
[105  84  84  89]
[109 101 115 109]
[120 111 134 120]
[124 113 141 124]
[126 113 141 122]
[124 115 141 124]
[124 115 143 122]
[120 113 136 122]
[ 91 103 105 111]
[97 78 88 95]
[ 99  91  99 103]
[101  89  99 101]
[97 78 86 97]
[ 97  80  78 105]
[ 88  78  71 101]
[52 52 39 60]
[26 23 15 28]
[20 18  9 22]
[19 18  8 23]
[66 23 23 30]
[186  80  93 128]
[120 111 126 165]
[122 111 126 120]
[122 113 128 122]
[126 115 128 128]
[124 120 128 130]
[118 103 105 122]
[118 109  60 130]
[109  84  30 122]
[118  91  33 126]
[159 105  97 141]
[120  86 105 147]
[ 99  71  88 147]
[113  68  77 141]
[ 86  52  23 109]
[ 82  80   7 132]
[113  75  28 136]
[111  65  28 132]
[59 30  6 63]
[32 26  2 48]
[ 93  65   3 107]
[109  73   3 128]
[84 50  2 93]
[32 23  1 42]
[23 19  2 28]
[23 17  2 26]
[26 16  2 26]
[23 18  3 25]
[34 28  8 34]
[37 33 14 38]
[53 38 24 48]
[73 62 48 68]
[80 73 65 80]
[77 71 65 78]
[84 71 65 82]
[88 78 73 86]
[82 82 73 88]
[105  84  84 101]
[109  99 105 107]
[111 103 109 111]
[105 101 105 109]
[103  91  97 101]
[105  95 107 105]
[103  93 107 101]
[99 80 82 86]
[103  93 103 103]
[107  99 113 107]
[105  97 113 105]
[ 99  93 109 101]
[91 86 99 93]
[86 80 93 89]
[70 70 77 78]
[45 52 48 60]
[46 37 33 48]
[39 34 31 45]
[37 32 30 43]
[34 30 25 38]
[31 25 20 32]
[28 21 16 30]
[21 17 11 22]
[16 14  7 17]
[18 16  7 19]
[18 17  8 20]
[75 27 21 34]
[153  60  89 120]
[124 107 120 143]
[126 113 128 124]
[124 115 130 124]
[122 113 130 124]
[120 115 124 126]
[118 103 103 118]
[103 113  66 132]
[120  80  33 124]
[118  93  33 126]
[161 105  97 141]
[124  88 107 151]
[101  75  91 151]
[111  71  86 149]
[ 99  52  36 111]
[ 89  78   8 132]
[111  78  31 138]
[107  68  38 132]
[91 34 13 77]
[35 36  3 54]
[75 53  6 95]
[103  63   6 120]
[93 50  3 99]
[46 32  2 56]
[33 31  3 42]
[37 19  2 34]
[24 15  2 26]
[26 20  5 26]
[36 31 12 37]
[41 41 19 46]
[59 45 31 56]
[75 63 53 71]
[82 75 66 80]
[80 71 66 80]
[84 73 65 82]
[86 77 71 84]
[77 77 70 84]
[93 77 75 93]
[101  89  93 101]
[103  95  97 103]
[95 89 91 97]
[89 78 82 86]
[86 77 82 88]
[75 71 77 80]
[65 53 50 62]
[60 53 53 66]
[54 52 53 63]
[49 44 46 53]
[43 36 37 45]
[36 31 29 39]
[32 27 25 34]
[27 23 19 30]
[21 18 12 23]
[18 16  9 20]
[18 16  9 20]
[18 16  9 20]
[18 16  8 20]
[17 15  7 19]
[16 14  6 17]
[16 14  6 17]
[17 15  7 18]
[17 16  7 18]
[18 15  8 18]
[73 27 21 34]
[86 77 84 99]
[147  88 115 136]
[128 118 130 130]
[126 118 128 128]
[124 113 130 122]
[115 111 128 122]
[113 101 109 113]
[ 93 118  73 134]
[128  80  41 126]
[120  93  42 126]
[157 103  97 138]
[124  88 107 153]
[103  77  91 153]
[103  73  88 149]
[107  57  53 124]
[ 99  80  12 136]
[109  86  31 145]
[105  73  49 136]
[105  53  36 105]
[57 49 12 88]
[ 95  57  24 120]
[107  59  21 126]
[ 97  54   6 111]
[56 49  4 75]
[80 43  6 82]
[75 31  5 68]
[30 16  3 27]
[26 20  6 26]
[37 31 13 37]
[42 39 19 48]
[59 46 31 57]
[68 59 49 68]
[71 63 57 71]
[70 65 57 75]
[71 60 53 68]
[68 59 56 70]
[62 62 54 71]
[63 50 45 62]
[52 48 42 56]
[50 45 42 56]
[45 44 38 54]
[43 35 31 43]
[35 31 26 38]
[31 26 21 33]
[28 23 16 30]
[27 24 15 30]
[26 22 14 28]
[25 24 13 26]
[24 23 13 26]
[25 26 15 31]
[25 26 16 31]
[23 26 15 29]
[18 14  8 18]
[17 15  7 17]
[16 14  7 17]
[15 13  6 15]
[15 13  6 15]
[15 14  6 16]
[15 13  6 15]
[16 14  6 17]
[17 15  7 17]
[17 15  7 18]
[18 15  7 18]
[62 26 18 35]
[ 68  88  70 124]
[168  86 109 145]
[126 113 128 124]
[126 115 128 126]
[126 115 132 124]
[120 111 130 120]
[115 105 115 115]
[ 93 113  84 126]
[147 103  65 147]
[136 115  68 138]
[153 109  99 128]
[128  88 101 153]
[113  78  89 151]
[103  77  89 153]
[109  65  65 134]
[107  71  20 145]
[109  88  26 149]
[107  77  60 138]
[103  65  60 130]
[ 99  63  41 134]
[113  65  44 136]
[113  65  32 138]
[101  63  12 122]
[ 93  50   6 107]
[ 95  48   7 103]
[71 35  5 75]
[27 16  3 26]
[21 18  6 23]
[26 23 11 30]
[32 27 14 35]
[41 33 21 41]
[39 34 27 43]
[38 32 27 41]
[37 32 26 41]
[37 33 25 41]
[34 29 21 36]
[32 27 20 35]
[28 23 15 29]
[24 21 14 25]
[26 24 14 28]
[24 27 15 30]
[27 25 16 30]
[25 26 19 31]
[27 26 21 32]
[23 26 24 36]
[26 25 23 30]
[36 23 26 39]
[48 42 31 59]
[65 42 35 52]
[68 68 41 86]
[68 65 42 71]
[77 43 31 70]
[33 26 15 46]
[17 15  7 18]
[16 14  6 16]
[15 13  6 15]
[16 14  6 16]
[16 14  6 16]
[15 14  6 16]
[15 14  6 16]
[17 14  6 17]
[18 16  7 18]
[18 16  8 19]
[37 25 16 31]
[ 78  88  54 134]
[172  80 103 151]
[122 109 128 124]
[126 115 130 126]
[126 115 132 124]
[122 113 130 124]
[115 109 118 118]
[101 111  97 126]
[122  91  82 115]
[ 97  84  78 113]
[178  91  99 122]
[134  82  99 149]
[103  77  84 149]
[113  80  86 149]
[109  70  66 141]
[109  71  26 138]
[103  78  23 143]
[120  73  56 145]
[128  77  57 151]
[134  84  45 157]
[138  82  41 155]
[122  78  24 147]
[111  70  11 128]
[ 99  50   6 109]
[70 42  4 80]
[34 22  2 36]
[17 12  2 18]
[16 12  4 16]
[18 16  6 20]
[21 18  8 23]
[23 21 11 26]
[25 21 13 26]
[24 20 12 25]
[26 22 12 26]
[26 25 13 29]
[24 26 13 31]
[24 23 12 30]
[31 29 17 37]
[27 38 22 38]
[53 24 23 29]
[49 45 32 65]
[48 38 32 53]
[57 36 41 68]
[86 41 54 93]
[120  80  57 128]
[101  89  68 130]
[105  80  73 109]
[120  86  75 138]
[168 105  75 130]
[ 73 109  75 145]
[82 86 54 97]
[91 63 48 99]
[35 27 18 48]
[17 15  7 18]
[14 12  6 15]
[15 13  6 15]
[16 14  6 16]
[16 14  6 16]
[15 14  6 16]
[15 13  6 15]
[16 14  6 17]
[18 16  7 18]
[18 16  8 19]
[19 30 14 36]
[ 80  80  39 134]
[168  86  95 149]
[122 103 124 122]
[122 103 128 122]
[118 107 128 122]
[115 109 124 122]
[113 105 113 118]
[113 113 101 132]
[113  95  86 103]
[101  93  82 126]
[185  95 101 126]
[134  78  99 147]
[101  66  80 136]
[ 97  66  80 136]
[ 89  56  62 122]
[ 91  53  26 115]
[101  63  15 126]
[120  77  21 147]
[132  86  19 157]
[136  95  15 165]
[138  91  11 157]
[113  77   6 136]
[ 86  59   4 107]
[52 33  3 59]
[24 16  2 26]
[16 13  2 19]
[14 10  3 14]
[12 11  3 14]
[14 12  4 17]
[18 15  5 21]
[19 21  8 26]
[23 20  9 24]
[28 21 11 31]
[38 27 15 43]
[46 38 20 48]
[57 38 21 54]
[56 46 21 70]
[77 54 31 86]
[71 73 42 89]
[153  53  53  95]
[ 84 118  59 138]
[107  75  56 107]
[107  88  68 138]
[120  84  77 124]
[ 91  88  80 124]
[ 88  97  86 145]
[157  88  91 122]
[136 120 107 163]
[170 132  88 151]
[ 86 111  78 161]
[ 89  57  62 105]
[ 93  60  46 109]
[38 27 18 52]
[16 14  7 17]
[15 13  6 15]
[15 13  6 15]
[15 13  6 15]
[15 14  6 16]
[15 14  6 16]
[16 14  6 16]
[16 14  6 16]
[17 15  7 18]
[18 16  7 19]
[20 31 11 41]
[ 86  65  32 128]
[136  88  88 136]
[118 101 118 126]
[122 105 122 126]
[120 107 120 126]
[118 103 111 124]
[115  99 103 122]
[118 113  97 138]
[132  97  82 109]
[103  97  78 132]
[185  93  99 128]
[138  80 103 153]
[103  70  82 134]
[ 99  66  78 134]
[ 93  59  62 122]
[75 36 24 86]
[54 37  8 77]
[78 52  5 99]
[105  70   5 126]
[111  75   3 132]
[109  71   3 130]
[ 91  60   3 107]
[65 44  2 80]
[46 31  2 49]
[30 21  3 37]
[24 17  3 28]
[26 14  4 26]
[26 19  5 29]
[32 29  6 38]
[45 33  9 49]
[38 38 10 46]
[53 31 12 59]
[57 36 17 56]
[71 46 25 60]
[70 59 29 80]
[62 57 26 75]
[66 54 26 86]
[103  66  39 107]
[ 77  82  49 101]
[163  60  59 105]
[ 70 107  66 149]
[ 89  66  62 107]
[ 97  80  70 132]
[109  89  80 124]
[115  80  91 130]
[ 93  91  88 141]
[147  60  97 126]
[111 103 101 141]
[124 101  91 128]
[ 97 122  77 153]
[ 93  71  65 122]
[ 84  53  50 101]
[37 29 18 49]
[16 15  7 17]
[15 14  6 16]
[16 14  6 16]
[14 12  6 14]
[15 13  6 15]
[16 14  6 16]
[17 14  6 17]
[17 14  7 17]
[17 15  7 18]
[17 15  7 18]
[20 32 10 42]
[ 84  59  31 113]
[120  88  86 115]
[118  99 109 124]
[120 103 113 126]
[118 105 111 126]
[120 103 103 126]
[120  99  97 124]
[128 109  91 138]
[138 107  75 122]
[105  95  75 136]
[185  93  97 126]
[147 105 103 155]
[124  93  89 149]
[107  78  82 138]
[ 89  54  54 118]
[68 34 23 77]
[38 26  7 52]
[53 34  4 66]
[82 52  3 99]
[ 93  62   3 113]
[ 95  63   3 113]
[ 88  56   3 101]
[65 45  3 86]
[53 31  3 54]
[32 27  4 44]
[36 19  4 34]
[33 25  5 36]
[33 26  8 36]
[35 35  9 45]
[49 39 13 54]
[39 39 12 54]
[59 39 14 63]
[78 44 23 63]
[73 54 33 75]
[65 65 32 82]
[60 57 28 77]
[71 57 27 89]
[ 99  75  42 109]
[75 84 49 99]
[136  59  56 101]
[ 54  71  52 132]
[82 57 53 95]
[ 95  56  66 111]
[103  75  80 128]
[109  99  91 134]
[ 93  93  84 132]
[151  80  99 147]
[ 84 103  97 130]
[ 89  88  84 101]
[ 91  80  71 130]
[ 93  71  65 118]
[ 97  54  54 103]
[38 28 21 54]
[17 15  7 18]
[15 14  6 16]
[16 14  6 16]
[15 13  6 16]
[15 14  6 16]
[16 14  6 17]
[17 15  7 18]
[18 16  7 18]
[18 16  7 18]
[17 15  7 18]
[20 30 10 37]
[65 46 34 84]
[145  88  84 118]
[113  97 103 130]
[118 103 107 124]
[120 105 107 128]
[120 105 105 128]
[118 101  99 124]
[130 107  95 136]
[138 115  84 134]
[120  93  82 136]
[181  99 109 132]
[128 105 107 157]
[126 105  95 153]
[124  95  91 145]
[ 91  71  57 113]
[60 32 22 71]
[38 26  8 52]
[48 33  5 60]
[73 48  4 91]
[ 89  57   4 107]
[ 88  60   3 109]
[86 54  4 99]
[52 44  4 84]
[49 30  5 56]
[36 26  5 43]
[41 20  5 38]
[32 23  6 39]
[31 33  9 41]
[56 31 12 57]
[50 32 15 49]
[35 34 15 45]
[45 42 16 56]
[70 45 25 65]
[70 48 35 80]
[75 65 37 77]
[59 50 30 71]
[77 56 31 80]
[ 84  75  42 103]
[ 75  82  49 103]
[109  53  44  95]
[ 73  57  36 103]
[130  75  49 118]
[113  99  77 141]
[107  86  82 120]
[ 91  75  82 115]
[ 99  84  82 128]
[136  71  88 120]
[132  93  88 157]
[ 97  89  84 141]
[ 95  70  71 120]
[ 95  68  66 124]
[101  59  56 109]
[39 29 21 57]
[17 15  7 18]
[15 14  6 16]
[15 14  6 16]
[15 14  6 16]
[16 14  6 16]
[16 14  6 16]
[18 15  7 18]
[17 18  9 21]
[22 16  8 20]
[18 16  7 18]
[18 26 10 32]
[82 36 34 54]
[186  95  84 141]
[132 115 111 165]
[132 115 118 128]
[130 115 115 134]
[126 115 111 132]
[120 105 105 128]
[126 103 101 126]
[126 113  95 136]
[124 101  93 134]
[174 109 113 141]
[113 101 111 128]
[115  93  95 134]
[109  93  91 132]
[77 66 57 99]
[59 31 22 66]
[36 26  8 50]
[39 29  5 52]
[65 41  5 78]
[73 46  5 93]
[78 50  4 99]
[73 44  6 77]
[44 37  5 68]
[45 31  6 57]
[37 24  6 44]
[43 20  6 37]
[49 26  8 46]
[26 35 11 48]
[60 45 15 70]
[46 33 18 52]
[41 29 15 45]
[46 49 15 77]
[70 45 29 73]
[103  53  43  93]
[84 66 43 89]
[70 65 38 86]
[75 59 38 75]
[77 66 39 93]
[66 77 42 97]
[101  34  32  78]
[52 46 21 78]
[124  75  44  99]
[ 89  84  71 136]
[103  82  71 111]
[101  77  77 122]
[ 95  82  80 130]
[168  80  84 126]
[120  89  91 167]
[103 109  86 143]
[107  73  68 130]
[ 97  78  68 124]
[93 52 49 97]
[34 26 19 53]
[17 15  7 18]
[15 13  6 15]
[15 13  6 15]
[15 14  6 16]
[15 14  6 16]
[15 14  6 15]
[17 15  7 18]
[23 21  9 30]
[35 28 12 29]
[20 18 10 21]
[20 22 10 28]
[99 34 32 42]
[190  88  93 147]
[124 130 120 172]
[132 122 126 132]
[136 128 128 141]
[138 128 122 141]
[132 124 113 136]
[132 111 109 126]
[ 99 118 103 134]
[134  91  97 134]
[165 101 115 128]
[126  89 107 126]
[ 99  71  89 122]
[ 86  66  82 113]
[68 52 53 88]
[60 31 21 66]
[32 28  8 49]
[37 28  5 56]
[49 33  6 62]
[54 32  5 66]
[52 37  5 68]
[52 34  7 62]
[39 30  7 52]
[35 27  7 49]
[38 26  8 49]
[44 23  8 43]
[45 26  9 49]
[35 36 12 50]
[50 42 17 63]
[59 56 21 75]
[57 41 17 52]
[50 63 17 82]
[65 42 30 80]
[109  50  43  97]
[97 78 44 99]
[68 62 41 84]
[50 56 39 68]
[82 52 39 91]
[52 71 39 93]
[91 26 22 60]
[31 26 12 33]
[93 48 36 68]
[ 84  65  66 113]
[ 86  62  68 105]
[ 88  57  60 105]
[101  78  68 128]
[163  86  75 122]
[ 97 101  84 163]
[103 122  73 126]
[ 86  59  59 107]
[ 73  62  48 111]
[77 41 32 73]
[31 27 15 45]
[17 15  7 18]
[15 14  6 15]
[14 13  6 15]
[15 13  6 15]
[15 13  6 15]
[15 14  6 16]
[17 14  7 17]
[25 20 10 26]
[30 28 14 31]
[23 25 13 27]
[23 21 12 26]
[111  37  31  50]
[143  80  93 134]
[132 126 126 134]
[128 115 132 126]
[130 113 132 126]
[128 115 132 130]
[124 113 122 128]
[124 111 111 124]
[103 113 103 132]
[145  99 101 141]
[165 101 122 126]
[143 113 120 151]
[126 115  97 149]
[ 91 101  86 128]
[71 52 52 89]
[59 32 24 68]
[38 25  8 44]
[38 31  6 57]
[38 25  6 49]
[37 24  6 46]
[32 25  6 43]
[46 27  9 49]
[46 31 10 62]
[44 31 10 53]
[38 31 10 54]
[45 23  9 45]
[27 24  9 44]
[52 26 13 34]
[41 30 18 52]
[38 49 21 60]
[45 33 17 44]
[39 54 16 75]
[63 43 28 80]
[88 45 38 84]
[91 63 39 91]
[54 54 37 82]
[57 44 32 62]
[ 89  71  34 115]
[62 59 31 73]
[80 23 19 49]
[27 20  9 26]
[78 43 36 62]
[ 84  60  63 105]
[88 49 50 88]
[73 39 31 71]
[65 48 31 73]
[84 38 31 57]
[53 50 34 73]
[66 41 25 62]
[62 48 23 71]
[45 44 19 63]
[48 39 17 60]
[28 29 11 31]
[16 14  7 17]
[15 14  6 16]
[15 13  6 15]
[16 14  7 16]
[15 14  6 16]
[15 14  6 16]
[17 15  7 18]
[26 21 10 25]
[31 29 15 33]
[24 30 14 32]
[36 15 13 25]
[111  37  32  65]
[113  91  99 118]
[126 113 130 128]
[126 120 134 130]
[134 124 136 134]
[134 124 136 136]
[128 115 126 126]
[118 109 115 120]
[107 111 105 130]
[145 113 105 145]
[165 107 124 130]
[122 105 122 124]
[101  95 101 128]
[ 77  91  82 118]
[75 49 54 93]
[62 33 27 70]
[36 23 11 43]
[27 28  6 44]
[36 21  7 41]
[31 20  6 42]
[27 22  6 38]
[43 23  9 37]
[37 25  9 53]
[31 25  8 45]
[33 26  8 43]
[41 19  7 37]
[27 22  7 39]
[54 21 10 38]
[37 29 14 50]
[32 26 13 37]
[50 25 10 41]
[42 32 11 57]
[65 41 18 65]
[65 37 21 59]
[46 38 21 60]
[39 38 20 53]
[50 38 18 60]
[66 78 26 97]
[57 49 26 63]
[78 23 19 49]
[25 21 10 28]
[77 44 41 59]
[ 78  63  62 111]
[73 26 35 56]
[26 25 14 31]
[21 18 10 23]
[19 16  8 20]
[18 16  9 20]
[18 16  9 20]
[18 15  8 18]
[17 14  8 18]
[16 14  7 17]
[17 14  7 16]
[21 17  9 20]
[24 21 12 23]
[25 22 12 24]
[25 23 12 24]
[26 23 12 25]
[30 26 14 27]
[33 28 15 30]
[41 35 21 37]
[46 42 28 44]
[54 44 26 56]
[68 56 29 63]
[124  82  43  88]
[103  93 103 115]
[120 113 132 126]
[122 109 134 124]
[126 111 134 126]
[126 118 136 130]
[124 115 128 126]
[118 107 118 120]
[105 105 105 118]
[118 105 105 128]
[159  99 122 122]
[122 101 122 120]
[ 99  89 103 120]
[ 82  84  78 113]
[77 49 54 95]
[62 33 29 70]
[31 23 12 37]
[20 20  6 32]
[34 18  6 31]
[25 17  5 30]
[20 14  4 23]
[30 15  5 26]
[24 20  5 31]
[20 17  5 26]
[21 17  4 28]
[23 19  4 28]
[18 18  4 23]
[25 19  6 28]
[20 21  6 24]
[20 17  7 23]
[20 17  6 23]
[21 18  7 23]
[24 21 10 28]
[24 21  9 26]
[21 19  9 24]
[21 18  9 23]
[23 19 10 24]
[29 46 18 62]
[84 53 28 68]
[78 31 21 50]
[24 21  9 29]
[63 45 36 65]
[78 59 53 97]
[78 23 31 44]
[19 17  9 20]
[14 13  6 15]
[14 12  5 14]
[15 14  6 15]
[15 14  6 16]
[16 14  7 16]
[16 14  7 16]
[15 14  6 16]
[18 15  8 18]
[42 31 20 36]
[66 63 46 65]
[73 68 53 70]
[75 70 53 70]
[78 73 57 77]
[84 82 66 82]
[88 84 68 86]
[73 97 65 99]
[88 71 63 86]
[93 89 78 91]
[86 84 75 86]
[109  88  52  95]
[101  82  95 115]
[124 111 128 128]
[130 115 132 130]
[128 118 132 132]
[130 120 134 132]
[124 111 128 124]
[118 103 120 120]
[101 103 103 118]
[107  95 101 118]
[163  93 118 120]
[120  99 122 120]
[101  93 105 126]
[ 89  88  84 122]
[80 53 54 99]
[56 32 29 66]
[27 20 12 35]
[19 15  6 23]
[18 14  5 23]
[13 11  4 16]
[11  9  3 12]
[11  9  3 12]
[11 10  3 12]
[11 10  3 13]
[13 11  4 14]
[14 12  5 15]
[15 13  5 16]
[17 14  6 17]
[19 16  7 19]
[20 18  8 21]
[24 18  9 23]
[31 25 12 30]
[37 31 16 35]
[39 31 18 35]
[43 34 20 38]
[43 37 22 41]
[39 37 21 39]
[46 49 28 66]
[122  82  35 101]
[54 32 21 73]
[26 21 10 31]
[56 50 34 71]
[84 63 53 95]
[75 26 30 49]
[18 17  9 20]
[14 13  5 15]
[14 12  5 14]
[15 14  6 16]
[15 14  6 15]
[15 13  6 15]
[15 14  6 16]
[16 14  6 16]
[21 17  9 20]
[57 42 34 52]
[107  97 103 107]
[118 107 120 115]
[115 107 118 115]
[118 109 122 115]
[118 107 122 115]
[115 103 115 113]
[120 126  80 132]
[124  52  60  95]
[118 109 113 128]
[109 103 113 111]
[77 88 63 93]
[101  80  84 113]
[124 109 122 126]
[128 111 128 128]
[122 113 130 130]
[124 115 130 128]
[122 111 126 126]
[118 105 120 120]
[101  99 103 113]
[113 101  97 126]
[168 101 118 124]
[120 101 120 120]
[101  91 105 126]
[ 88  89  86 126]
[84 56 54 97]
[57 33 26 65]
[29 22 12 35]
[18 14  6 21]
[21 15  6 21]
[28 24 12 31]
[29 26 12 31]
[28 24 11 31]
[35 31 14 36]
[42 33 15 42]
[45 41 17 45]
[48 42 19 46]
[44 45 20 49]
[48 43 23 52]
[57 54 31 60]
[57 56 33 62]
[57 46 31 57]
[63 59 34 63]
[68 59 37 66]
[70 63 42 71]
[71 65 46 73]
[77 71 56 78]
[65 71 54 75]
[56 53 39 66]
[120  80  37  99]
[39 39 20 73]
[31 26 12 32]
[65 46 37 62]
[82 53 56 91]
[59 31 29 49]
[16 14  7 17]
[13 11  5 13]
[14 13  5 15]
[16 14  6 16]
[15 14  6 16]
[15 13  6 15]
[16 14  6 16]
[16 14  6 17]
[21 18  9 21]
[57 44 37 56]
[113  99 111 111]
[122 109 128 122]
[120 113 132 124]
[122 111 132 122]
[118 107 130 120]
[120 105 122 118]
[122 141  71 163]
[151  75  52 132]
[124 120 118 145]
[120 113 124 120]
[68 86 68 95]
[103  73  73 109]
[120 105 118 124]
[124 107 122 126]
[120 107 122 122]
[122 111 126 128]
[124 111 126 128]
[120 109 120 126]
[105  89  99 109]
[105  95  95 122]
[165  95 118 118]
[122 103 118 124]
[107  84 101 120]
[ 86  86  86 124]
[86 60 57 95]
[63 35 27 65]
[29 23 11 34]
[18 13  6 18]
[28 19  9 29]
[57 48 34 62]
[60 49 39 63]
[53 50 38 65]
[56 54 48 68]
[62 53 49 70]
[62 53 48 68]
[59 54 43 63]
[57 56 38 57]
[75 65 60 78]
[84 80 75 93]
[86 78 73 89]
[71 56 50 65]
[49 52 36 62]
[45 49 34 60]
[48 49 33 57]
[49 45 38 56]
[57 53 52 68]
[59 59 54 68]
[59 52 43 68]
[84 65 42 82]
[41 38 21 57]
[34 30 17 38]
[78 50 49 68]
[ 82  70  68 105]
[60 34 33 50]
[18 16  8 20]
[14 12  5 14]
[15 13  5 15]
[16 14  6 17]
[16 14  6 16]
[15 13  6 15]
[16 14  6 16]
[16 14  6 17]
[21 18  9 21]
[50 45 36 57]
[118  89 111 105]
[118 109 128 124]
[124 113 130 124]
[130 111 130 128]
[124 118 130 130]
[132 105 122 115]
[120 128  73 159]
[174  97  60 143]
[120 113 118 128]
[118 113 124 120]
[75 84 75 93]
[105  66  63 109]
[115  95 105 118]
[126  95 113 126]
[113  97 111 120]
[124 111 120 134]
[132 101 120 130]
[109 105 115 126]
[107  86  93 113]
[109  95  91 124]
[165  95 115 124]
[124 103 118 124]
[115  82  99 122]
[ 86  88  88 122]
[80 62 57 95]
[62 36 28 65]
[26 22 11 31]
[16 13  6 20]
[31 22 12 32]
[73 59 48 77]
[77 62 57 82]
[68 57 49 78]
[ 93  73  68 101]
[101  78  71 105]
[99 77 66 95]
[86 73 60 91]
[77 66 52 78]
[86 70 73 89]
[ 97  91  93 107]
[ 97  89  89 101]
[82 65 60 84]
[82 80 52 91]
[82 82 48 93]
[86 86 48 95]
[80 82 48 89]
[84 77 57 86]
[73 73 60 80]
[63 53 49 68]
[77 59 54 73]
[56 54 39 68]
[45 46 32 54]
[75 54 62 88]
[ 86  73  73 101]
[62 33 34 50]
[19 17  9 20]
[14 12  5 14]
[15 13  5 15]
[16 14  6 16]
[15 14  6 16]
[14 12  5 14]
[14 13  5 15]
[15 13  5 15]
[21 18  9 21]
[48 48 36 62]
[124  95 115 113]
[128 115 132 132]
[128 118 130 130]
[134 118 130 132]
[128 122 132 134]
[136 107 124 118]
[130 120 101 151]
[172 130  93 143]
[120 111 118 122]
[113 109 122 113]
[80 86 78 97]
[103  65  60 107]
[111  93  97 120]
[122  95 105 126]
[122  95 105 126]
[126 115 111 143]
[136 105 115 134]
[113 111 113 136]
[111  91  95 113]
[109  95  89 122]
[165  95 118 124]
[124  99 115 124]
[118  93 105 130]
[ 84  91  89 122]
[75 56 54 86]
[50 33 24 57]
[24 20  9 29]
[16 14  5 18]
[32 23 13 34]
[73 60 53 80]
[78 63 59 84]
[70 62 53 84]
[88 75 71 99]
[ 89  78  77 103]
[93 78 78 99]
[93 82 82 95]
[77 75 71 88]
[86 71 75 89]
[ 97  91  93 105]
[ 97  88  89 103]
[84 65 66 82]
[89 80 82 91]
[97 82 88 97]
[95 86 91 99]
[91 82 88 93]
[88 80 86 93]
[73 70 70 82]
[65 50 50 59]
[73 65 73 89]
[66 56 62 71]
[59 59 52 77]
[ 91  70  82 111]
[ 93  75  88 109]
[63 32 35 48]
[18 16  8 19]
[15 13  5 15]
[15 13  5 15]
[15 13  5 15]
[15 13  5 15]
[14 12  5 14]
[14 13  5 15]
[15 14  6 16]
[21 18  9 23]
[46 48 34 62]
[122  95 113 115]
[128 118 134 132]
[126 115 132 128]
[124 115 128 128]
[124 122 130 134]
[134 107 122 118]
[118 105 113 124]
[120 111 118 122]
[128 118 126 132]
[115 109 124 115]
[ 86  86  80 101]
[101  65  54 105]
[111  95  97 122]
[122  97 107 130]
[130  99 107 132]
[126 113 109 141]
[134 105 113 136]
[122 109 111 132]
[118  95  99 113]
[107  88  84 111]
[167  89 118 124]
[122  95 111 122]
[103  86 103 126]
[ 89  71  82 109]
[73 50 56 91]
[43 29 22 50]
[21 17  8 24]
[15 12  5 16]
[37 25 14 36]
[84 68 56 88]
[86 75 65 91]
[77 65 57 86]
[93 78 77 99]
[99 78 80 99]
[99 82 86 99]
[93 82 86 95]
[80 78 75 91]
[86 71 75 89]
[ 93  91  91 103]
[99 86 89 97]
[91 66 68 88]
[101  86  89  99]
[107  86  97 105]
[ 99  89  99 109]
[95 84 95 99]
[93 80 93 99]
[80 70 77 84]
[66 54 56 71]
[91 78 84 99]
[97 57 78 95]
[ 78  75  70 105]
[103  88  93 124]
[103  82  97 118]
[82 29 36 42]
[18 17  9 20]
[14 12  5 15]
[15 13  5 15]
[15 14  6 16]
[15 14  6 16]
[14 13  5 14]
[14 13  5 15]
[14 12  5 15]
[20 17  8 20]
[45 48 35 62]
[124  95 118 113]
[128 118 136 132]
[128 118 138 128]
[126 115 136 126]
[120 118 128 130]
[132 107 122 118]
[122 107 118 126]
[122 113 124 126]
[134 124 130 138]
[120 113 124 120]
[ 91  89  82 103]
[91 60 50 97]
[111  95  97 124]
[122  97 103 132]
[132  97 101 132]
[120 105 101 132]
[128 103 105 130]
[124 111 107 136]
[120  99  99 113]
[115  89  86 115]
[168  99 120 130]
[122  95 111 124]
[109  93  99 132]
[ 95  89  89 134]
[84 59 56 89]
[42 28 22 49]
[19 16  7 21]
[15 12  5 16]
[39 25 15 36]
[82 73 59 89]
[82 80 65 95]
[84 66 60 88]
[93 82 77 99]
[101  80  82  97]
[97 84 88 99]
[93 80 88 95]
[84 82 80 95]
[86 71 75 89]
[ 93  91  91 103]
[99 86 89 97]
[91 71 68 93]
[101  91  91 105]
[109  91  99 109]
[ 99  93  97 111]
[101  88  97 105]
[ 97  86  97 103]
[89 71 82 84]
[63 60 60 78]
[115  77  88 111]
[122  84  93 126]
[ 86  84  77 115]
[ 99  82  88 118]
[ 93  78  91 115]
[86 24 34 45]
[20 18 10 21]
[15 13  6 15]
[16 13  6 16]
[21 17  8 21]
[23 20  9 22]
[17 16  7 17]
[14 13  5 15]
[14 13  5 15]
[20 17  8 20]
[46 49 35 63]
[126  95 118 115]
[128 118 138 132]
[128 118 138 130]
[128 118 136 128]
[124 120 128 132]
[136 105 122 122]
[124 109 120 130]
[122 111 124 124]
[132 122 128 136]
[118 113 122 120]
[ 95  89  82 103]
[88 62 52 97]
[120 101 107 130]
[126 103 111 136]
[130  99 103 134]
[115  97  99 128]
[120  95 103 122]
[122 111 105 132]
[109  97  99 109]
[113  89  86 118]
[167  99 120 128]
[126  95 111 122]
[103  91  99 136]
[ 88  84  86 115]
[77 53 57 88]
[41 25 21 46]
[18 14  7 20]
[15 12  5 16]
[39 23 15 33]
[82 68 59 82]
[82 82 70 95]
[89 66 65 86]
[86 77 77 89]
[91 77 80 89]
[91 78 86 95]
[93 82 88 95]
[86 82 80 95]
[88 73 73 91]
[ 93  88  88 101]
[95 82 84 95]
[91 71 70 91]
[103  93  95 107]
[109  97  99 111]
[ 99  95  97 111]
[101  89  97 105]
[101  89  99 107]
[107  70  86  97]
[71 62 60 80]
[109  84  91 122]
[115  93  95 128]
[ 86  80  73 109]
[78 63 60 91]
[70 60 59 91]
[68 22 27 41]
[21 18 10 22]
[17 14  6 17]
[17 14  6 17]
[28 24 13 30]
[30 32 16 36]
[22 20 10 20]
[14 13  5 15]
[14 13  5 14]
[19 16  7 20]
[46 48 34 62]
[126 101 120 120]
[128 115 134 130]
[130 118 134 128]
[130 120 136 130]
[120 118 130 128]
[141 113 126 130]
[130 120 124 132]
[124 113 122 122]
[128 113 122 130]
[111 109 115 115]
[ 95  86  77 101]
[82 65 48 93]
[126 105 109 134]
[130 103 115 141]
[132 101 109 138]
[122 101 105 130]
[126 101 111 126]
[126 118 115 138]
[115 101 103 113]
[109  89  86 118]
[167  95 120 126]
[132  99 113 128]
[107  91  99 136]
[ 91  84  84 124]
[80 56 54 89]
[43 27 20 50]
[18 16  7 21]
[15 12  5 16]
[35 21 14 30]
[77 65 59 84]
[82 84 71 95]
[93 70 70 89]
[89 82 88 97]
[91 82 88 95]
[91 77 86 93]
[91 80 88 93]
[84 80 80 93]
[88 71 73 89]
[93 84 86 95]
[91 82 84 93]
[89 71 75 89]
[101  91  95 105]
[105  95 101 109]
[ 99  93  97 107]
[101  89  99 107]
[ 97  88  97 107]
[105  73  84  97]
[73 59 59 78]
[101  84  91 111]
[101  84  91 109]
[70 65 63 91]
[54 45 39 62]
[42 44 37 68]
[59 21 21 38]
[21 18  9 21]
[17 14  6 17]
[19 16  7 20]
[29 31 16 35]
[42 31 20 35]
[23 18 11 23]
[15 13  6 15]
[14 13  5 15]
[18 16  7 19]
[50 48 36 62]
[126 109 126 128]
[132 122 143 132]
[128 120 138 128]
[126 120 138 128]
[120 115 128 128]
[126 107 120 126]
[124 105 120 126]
[128 109 128 124]
[126 118 130 128]
[113 113 120 122]
[99 80 78 93]
[71 70 43 95]
[130 107 107 138]
[132 113 118 147]
[132 101 109 138]
[122 103 105 132]
[128 103 111 128]
[130 124 115 145]
[120 105 107 115]
[107  93  88 120]
[163  93 118 122]
[128 103 115 124]
[115  93 103 132]
[ 97  97  91 126]
[93 54 54 86]
[41 31 20 52]
[18 16  7 21]
[14 12  5 16]
[26 18 11 24]
[59 46 41 65]
[68 70 60 82]
[84 60 63 84]
[84 78 82 91]
[88 75 84 89]
[86 73 82 89]
[84 73 82 89]
[78 71 71 84]
[80 66 68 80]
[84 73 77 84]
[82 73 77 84]
[82 66 70 84]
[91 80 88 95]
[95 86 91 99]
[91 86 89 99]
[ 93  82  89 101]
[ 93  80  89 101]
[88 68 75 86]
[77 57 60 75]
[101  84  93 109]
[101  86  95 109]
[65 70 65 89]
[59 46 44 66]
[57 54 43 78]
[59 23 23 36]
[19 16  9 20]
[16 15  6 17]
[21 18  8 21]
[29 33 16 43]
[45 31 20 36]
[22 20 11 24]
[15 14  6 16]
[14 13  6 15]
[19 17  8 20]
[50 46 36 60]
[124 107 124 124]
[132 120 138 130]
[128 120 138 128]
[126 122 138 130]
[118 118 130 130]
[126 105 118 124]
[126 107 120 128]
[130 113 130 128]
[128 118 132 128]
[113 113 122 122]
[101  77  78  86]
[59 53 36 75]
[122 115 115 141]
[134 113 128 143]
[130 101 113 138]
[115  97 103 130]
[128 103 109 128]
[130 124 113 145]
[122 103 107 115]
[107  93  89 120]
[163  89 120 120]
[126  97 113 126]
[109  95 107 132]
[ 95  86  89 124]
[91 62 62 93]
[36 32 19 44]
[16 14  7 18]
[14 12  5 15]
[18 14  7 18]
[33 23 17 33]
[37 36 26 49]
[50 37 31 52]
[53 39 38 52]
[54 39 42 57]
[53 41 42 56]
[53 41 41 54]
[48 38 37 53]
[46 36 34 48]
[45 38 36 49]
[46 39 37 52]
[50 39 37 53]
[56 45 44 59]
[59 48 48 62]
[59 49 48 63]
[66 50 50 68]
[70 56 53 73]
[65 56 49 71]
[65 52 48 66]
[86 68 75 97]
[86 73 78 99]
[60 65 59 88]
[54 49 45 70]
[49 53 43 77]
[56 21 21 35]
[20 17  9 20]
[17 15  6 18]
[20 17  8 20]
[29 23 13 29]
[31 25 15 31]
[20 18  9 21]
[15 14  6 16]
[15 13  6 15]
[20 17  8 20]
[46 38 29 49]
[99 82 89 99]
[109  97 107 109]
[115 105 115 115]
[115 107 120 120]
[122 105 111 120]
[128 103 105 122]
[124 103 107 124]
[120 105 113 120]
[115 105 111 118]
[111 103 105 113]
[105  68  71  82]
[60 48 37 65]
[143 128 145 153]
[161 138 167 167]
[155 132 159 161]
[128 118 132 145]
[124 103 113 126]
[126 120 113 141]
[120  99 105 113]
[107  93  89 122]
[165  91 120 122]
[134  99 115 141]
[163 107 105 143]
[128  93 107 149]
[88 62 68 86]
[31 28 18 37]
[16 14  7 18]
[15 14  6 17]
[14 12  5 16]
[17 14  6 18]
[20 16  8 21]
[20 15  8 20]
[18 14  9 21]
[19 15 10 21]
[20 15 10 21]
[19 15 10 21]
[20 15  9 21]
[19 15 10 21]
[20 15 10 21]
[20 17 10 23]
[22 18 11 24]
[23 18 12 25]
[26 20 14 28]
[26 21 14 29]
[26 22 15 31]
[30 24 18 33]
[30 26 18 35]
[41 29 20 42]
[50 38 31 54]
[52 38 32 56]
[46 39 30 56]
[50 39 26 57]
[56 38 25 56]
[49 28 19 37]
[21 17  9 21]
[18 16  7 19]
[17 15  7 18]
[21 18  9 22]
[20 18 10 21]
[17 16  8 18]
[15 14  6 16]
[16 14  6 16]
[18 16  7 19]
[27 23 14 29]
[39 35 30 44]
[41 37 33 48]
[46 43 39 53]
[49 43 42 54]
[46 43 41 56]
[50 44 42 57]
[52 46 41 59]
[50 46 43 59]
[53 49 45 62]
[57 59 48 73]
[54 52 43 60]
[53 42 37 59]
[141 130 178 157]
[163 151 210 176]
[159 147 204 168]
[138 122 167 143]
[128 103 132 134]
[124 118 120 136]
[118 101 105 118]
[107  91  86 122]
[167  93 120 122]
[147  91 122 145]
[159 105 111 149]
[118 130 118 159]
[82 52 70 80]
[33 26 21 46]
[25 22 11 26]
[24 21 11 26]
[18 17  8 20]
[15 13  6 17]
[14 12  5 15]
[14 13  5 16]
[18 15  8 19]
[19 17  9 20]
[15 14  7 16]
[12 11  5 13]
[13 11  5 14]
[14 12  5 14]
[14 12  5 15]
[15 12  5 16]
[16 13  6 17]
[17 14  6 17]
[17 15  7 18]
[20 22 11 28]
[21 26 13 27]
[26 18 12 25]
[21 18 10 23]
[21 17  9 22]
[23 20 11 26]
[25 22 13 27]
[24 22 13 28]
[24 21 12 27]
[24 21 12 28]
[23 20 11 24]
[19 16  8 19]
[17 15  7 18]
[18 15  7 17]
[17 16  7 18]
[18 17  8 19]
[17 16  7 18]
[15 14  6 16]
[16 14  6 16]
[16 14  6 16]
[16 17  8 20]
[22 17 10 23]
[26 21 11 25]
[27 23 12 26]
[23 21 12 25]
[21 18 10 22]
[22 18 11 23]
[21 18 10 22]
[21 17 10 22]
[23 19 11 23]
[23 19 11 24]
[20 17 10 23]
[45 34 29 46]
[138 118 176 147]
[167 149 218 178]
[168 145 214 179]
[159 134 194 165]
[132 128 163 151]
[126 115 136 134]
[113 101 105 118]
[105  82  77 113]
[165  93 118 122]
[149  86 126 141]
[111  75 115 130]
[ 91  97 105 130]
[109  46  71  88]
[44 36 27 59]
[39 35 20 42]
[36 33 19 39]
[23 22 11 26]
[18 15  7 19]
[16 13  6 17]
[27 18 10 24]
[52 38 25 48]
[56 49 31 54]
[33 35 18 32]
[15 13  7 16]
[14 12  5 14]
[14 12  5 14]
[13 11  5 14]
[14 12  5 15]
[16 14  6 17]
[16 14  6 17]
[17 15  7 19]
[18 31 12 37]
[62 26 19 66]
[63 34 23 42]
[21 17 11 27]
[17 15  8 18]
[18 15  8 19]
[19 16  8 20]
[18 16  8 20]
[18 15  8 18]
[19 16  8 20]
[18 16  8 19]
[18 15  7 18]
[18 16  7 19]
[21 17  9 21]
[27 24 14 26]
[29 26 15 28]
[26 26 14 27]
[19 18  9 20]
[15 14  6 15]
[17 14  5 16]
[17 20  7 24]
[31 21 10 26]
[24 22 11 27]
[26 26 12 30]
[23 20 10 22]
[18 15  7 18]
[17 15  6 17]
[17 15  7 17]
[17 15  6 17]
[18 16  7 18]
[18 16  7 18]
[16 14  6 16]
[21 16 10 23]
[73 52 66 80]
[138 115 174 149]
[153 126 188 161]
[149 122 186 155]
[128 120 167 147]
[115  95 134 120]
[ 91  77  82 101]
[82 66 63 89]
[157  84 118 113]
[130  95 118 141]
[113  82 109 141]
[109  78 105 138]
[120  48  73  91]
[49 39 31 63]
[50 44 29 54]
[45 41 26 49]
[25 23 12 29]
[19 15  7 20]
[20 17  8 22]
[50 31 23 43]
[73 73 66 82]
[77 78 75 80]
[48 57 44 63]
[22 20 11 22]
[14 12  5 15]
[14 12  5 14]
[13 11  5 14]
[15 12  5 15]
[17 14  6 18]
[18 15  7 19]
[21 18  8 23]
[23 33 15 42]
[ 62  52  26 111]
[60 43 25 52]
[23 18 13 39]
[18 16  8 19]
[18 16  8 20]
[18 16  8 20]
[18 15  8 19]
[18 15  8 19]
[19 16  8 20]
[19 17  8 20]
[18 16  7 20]
[20 17  8 20]
[39 26 17 32]
[70 62 46 68]
[78 73 56 73]
[71 73 52 73]
[42 44 27 42]
[20 18  9 20]
[17 15  6 18]
[17 21  7 24]
[29 19 11 31]
[27 25 12 29]
[29 21 12 26]
[20 17  8 21]
[18 16  7 18]
[16 15  7 17]
[15 13  6 15]
[16 14  6 16]
[18 15  6 18]
[18 17  7 19]
[16 14  6 16]
[11 10  4 11]
[15 12  7 16]
[36 29 28 49]
[73 56 56 78]
[88 70 80 93]
[77 73 80 99]
[66 52 57 75]
[42 37 27 50]
[65 46 37 63]
[161  75 113  99]
[130  97 124 147]
[120  86 118 149]
[113  84 111 143]
[128  46  77  91]
[53 44 34 65]
[52 44 30 56]
[45 41 27 50]
[25 23 13 28]
[19 16  8 21]
[26 20 12 27]
[65 45 41 62]
[91 82 86 93]
[97 84 95 97]
[77 73 71 82]
[31 31 20 31]
[14 12  6 15]
[13 12  5 14]
[14 12  5 14]
[15 12  5 16]
[17 15  6 18]
[18 16  7 20]
[22 19  9 24]
[39 32 17 50]
[ 93  50  28 103]
[93 63 29 86]
[32 23 15 49]
[19 16  8 20]
[18 16  8 20]
[18 16  8 20]
[18 16  8 20]
[20 16  8 20]
[20 17  8 21]
[20 17  8 20]
[20 17  8 20]
[28 22 12 27]
[73 49 41 60]
[107 103 101 105]
[111 105 113 107]
[107 105 109 109]
[75 82 66 82]
[30 31 18 31]
[18 16  7 18]
[30 22  8 33]
[50 43 20 48]
[41 38 26 49]
[34 30 24 31]
[25 24 14 28]
[26 24 14 26]
[24 22 13 25]
[21 21 11 23]
[21 19 10 21]
[18 16  8 19]
[18 16  7 18]
[14 14  5 15]
[ 9  9  3 10]
[ 9  8  3 10]
[11  9  4 12]
[16 11  6 16]
[18 17 10 24]
[38 20 12 24]
[23 20 11 31]
[21 20  8 26]
[63 39 27 54]
[157  71 107  97]
[132  99 124 145]
[118  86 118 147]
[115  84 113 145]
[134  48  82  95]
[54 45 36 63]
[48 43 29 53]
[44 38 26 46]
[28 26 15 31]
[22 19 10 25]
[35 21 15 31]
[71 60 53 78]
[99 86 91 97]
[ 97  88  99 103]
[88 71 84 91]
[41 44 31 46]
[16 15  7 18]
[14 12  5 15]
[14 12  5 15]
[15 13  6 16]
[16 14  6 18]
[17 14  6 18]
[20 16  7 21]
[22 38 16 57]
[ 86  52  29 113]
[77 48 25 60]
[31 31 15 49]
[19 16  8 20]
[19 16  8 20]
[18 17  8 20]
[20 17  9 21]
[22 17 10 23]
[22 18 10 23]
[21 18  9 22]
[23 20 10 23]
[45 31 21 38]
[93 82 75 93]
[113 109 122 113]
[118 109 126 115]
[118 107 124 115]
[ 97  95  99 101]
[44 45 31 42]
[20 17  9 20]
[22 18  8 23]
[54 33 21 39]
[60 65 41 91]
[56 42 37 49]
[43 27 30 43]
[38 21 27 32]
[31 21 29 36]
[27 21 23 31]
[36 17 18 26]
[19 16 11 28]
[16 14  6 17]
[13 12  5 14]
[10 12  3 14]
[15 10  3 14]
[12 10  3 12]
[11 12  4 14]
[16 17  8 22]
[26 19 13 31]
[24 25 10 31]
[19 24  8 32]
[62 39 32 86]
[159  78 107 101]
[132  97 124 147]
[118  86 115 147]
[113  82 111 143]
[141  53  82 105]
[57 49 38 66]
[48 42 29 53]
[44 38 27 46]
[31 29 18 35]
[26 22 12 30]
[44 25 19 36]
[75 71 62 88]
[118  86  93 101]
[105 111  99 132]
[128  86  91  93]
[48 50 39 56]
[20 17  9 20]
[14 12  5 15]
[15 13  6 16]
[16 14  6 17]
[16 14  6 18]
[17 14  6 18]
[18 15  7 19]
[21 29 10 43]
[63 36 17 48]
[62 34 18 54]
[25 26 12 29]
[17 15  8 19]
[20 16  8 21]
[20 18  9 23]
[23 19 10 26]
[24 20 11 26]
[23 20 11 26]
[23 20 10 24]
[26 21 12 27]
[63 38 33 50]
[103  99  99 107]
[120 109 124 118]
[120 111 126 122]
[120 109 124 120]
[113 101 113 107]
[57 66 54 66]
[23 22 12 24]
[23 18  9 22]
[59 31 21 38]
[70 60 41 89]
[75 54 36 78]
[91 63 35 86]
[80 60 35 89]
[84 62 36 84]
[77 54 29 82]
[68 48 23 68]
[27 32 13 41]
[16 14  6 16]
[13 12  5 14]
[11 13  3 18]
[27 17  4 23]
[13 12  3 15]
[13 13  4 16]
[28 18  8 29]
[50 27 11 50]
[41 28 10 49]
[25 26  8 43]
[75 71 36 95]
[159  75 109 103]
[130  95 122 145]
[115  84 111 145]
[109  78 105 138]
[134  49  78  99]
[53 43 35 60]
[46 41 29 52]
[44 37 27 46]
[31 30 19 36]
[26 22 13 31]
[52 27 23 41]
[71 80 66 95]
[113  82  91  97]
[105 107  97 124]
[124  80  91  95]
[46 54 44 63]
[21 18 10 21]
[14 12  5 15]
[16 14  6 17]
[16 14  6 17]
[16 14  6 17]
[17 14  6 18]
[18 15  7 19]
[20 17  8 23]
[30 22 11 34]
[34 26 12 31]
[18 16  9 21]
[20 16  8 20]
[21 17  9 22]
[22 20 10 25]
[25 21 11 26]
[24 20 11 26]
[24 20 11 26]
[23 20 10 25]
[28 23 14 30]
[71 48 46 60]
[107 101 107 109]
[118 107 122 118]
[122 109 124 120]
[120 107 124 120]
[113 101 118 111]
[75 84 77 89]
[33 33 20 34]
[21 19  9 23]
[34 26 16 35]
[48 41 23 57]
[43 42 23 54]
[65 48 23 62]
[57 50 26 66]
[52 46 23 63]
[53 48 21 63]
[50 42 17 53]
[26 30 11 29]
[16 15  7 17]
[13 12  5 14]
[11 11  3 15]
[16 16  3 19]
[13 10  3 14]
[13 12  4 15]
[23 16  5 25]
[26 23  7 34]
[23 23  7 29]
[22 21  9 30]
[57 46 36 62]
[168  52  97  84]
[159 130 126 168]
[159 128 124 167]
[149 113 109 153]
[130  65  77  95]
[46 39 32 56]
[39 34 26 45]
[38 32 24 42]
[30 26 17 34]
[26 21 13 29]
[54 30 26 43]
[ 68  88  66 105]
[111  75  86  97]
[103  97  97 113]
[ 97  88  91 103]
[46 56 44 65]
[20 18 10 21]
[15 13  6 16]
[16 14  6 18]
[16 14  6 18]
[16 14  6 17]
[17 14  6 18]
[17 14  6 18]
[17 15  7 18]
[18 15  7 20]
[18 15  7 19]
[19 16  7 20]
[20 17  8 22]
[21 18  9 23]
[23 20 10 25]
[25 21 12 27]
[24 21 12 27]
[25 20 12 26]
[23 19 10 24]
[31 24 16 31]
[80 53 57 70]
[107 105 113 113]
[103 109 115 113]
[ 95  97 109 109]
[113  78 107  99]
[105  89 107 111]
[86 88 86 95]
[41 36 23 36]
[20 17  8 21]
[18 15  8 18]
[18 16  9 20]
[21 17  9 20]
[20 17 10 21]
[20 17 10 20]
[20 17 10 21]
[20 17 10 20]
[19 16  9 19]
[18 16  8 19]
[17 15  7 17]
[13 13  5 14]
[10  9  3 11]
[11 10  3 13]
[13 11  3 12]
[11  9  3 12]
[11  9  3 11]
[10  8  4 11]
[13 11  4 14]
[21 21 10 30]
[62 49 41 70]
[185  59  99  99]
[118 115 134 151]
[122 118 126 157]
[118 115 113 153]
[109  77  75  99]
[49 41 41 53]
[42 33 28 44]
[38 32 24 43]
[34 31 21 39]
[33 26 18 35]
[57 33 28 48]
[ 71  91  63 111]
[130  80  89  97]
[ 99  95  97 122]
[107  93  93  99]
[46 57 44 63]
[19 17 10 20]
[15 13  6 17]
[16 14  6 17]
[16 14  6 17]
[16 14  6 17]
[16 14  6 17]
[16 14  6 17]
[17 14  6 18]
[18 15  7 19]
[18 15  7 19]
[19 16  7 20]
[20 17  8 21]
[21 18  9 22]
[21 19 10 24]
[23 20 11 26]
[26 21 12 29]
[27 21 13 29]
[26 20 12 26]
[31 25 17 31]
[84 56 62 70]
[111 111 122 118]
[118 120 124 128]
[111 103  99 130]
[118 122 103 134]
[130  73 101 111]
[88 82 86 93]
[41 37 25 39]
[20 18  8 20]
[16 14  7 16]
[16 14  7 16]
[16 14  7 16]
[16 14  6 16]
[16 14  7 16]
[16 14  7 16]
[16 14  7 16]
[18 15  7 17]
[18 16  8 18]
[17 15  7 17]
[13 13  5 14]
[10  9  3 11]
[ 9  8  3 11]
[13  8  3 11]
[11 10  3 12]
[11  9  3 11]
[11  9  3 11]
[13 12  4 15]
[23 23 11 31]
[68 52 45 78]
[188  65 105 107]
[120  89 115 126]
[109  82 109 130]
[107  80 105 128]
[ 97  68  93 109]
[78 53 77 82]
[57 41 62 63]
[48 37 53 62]
[45 38 46 63]
[46 38 38 56]
[68 45 46 63]
[ 86  88  78 111]
[132  99  91 115]
[103  91  91 113]
[107  75  88  93]
[52 63 48 68]
[28 26 16 30]
[21 18 10 22]
[21 18 10 22]
[20 17  9 21]
[18 16  8 20]
[17 15  7 18]
[17 14  7 18]
[17 14  7 18]
[17 14  7 17]
[17 14  7 18]
[18 15  7 18]
[19 17  8 21]
[20 18  9 21]
[21 19 10 23]
[24 20 11 26]
[26 22 12 29]
[28 23 13 30]
[27 22 12 28]
[33 26 18 33]
[84 56 62 71]
[113 113 122 122]
[132 124 122 136]
[109 107 107 126]
[107 118  95 136]
[165  70  99 124]
[ 86  84  84 105]
[36 35 25 36]
[19 17  7 19]
[17 14  7 17]
[17 14  7 17]
[16 14  6 16]
[15 14  6 15]
[15 14  6 15]
[16 14  7 16]
[16 14  7 16]
[17 15  7 17]
[18 16  7 18]
[17 15  7 17]
[12 12  5 13]
[ 9  8  3 10]
[8 7 2 8]
[9 8 3 9]
[11  9  3 12]
[11 11  3 12]
[12 11  4 12]
[13 12  5 15]
[24 24 12 33]
[73 53 46 80]
[190  68 107 111]
[118  89 109 122]
[105  78 103 128]
[107  80 103 130]
[105  80  99 128]
[105  80  99 130]
[105  78  95 126]
[ 95  71  84 115]
[ 95  60  71 101]
[97 63 73 97]
[107  60  77  89]
[118  88  95 124]
[113 101  93 126]
[128  95  91 111]
[107  88  91 107]
[86 82 71 95]
[78 75 49 77]
[59 57 36 57]
[49 44 30 48]
[44 37 26 43]
[42 34 22 39]
[38 31 20 35]
[34 28 17 31]
[31 25 15 28]
[26 23 14 26]
[24 22 13 26]
[24 21 12 25]
[23 21 12 24]
[22 20 11 23]
[23 20 11 24]
[24 21 11 26]
[26 23 12 29]
[27 23 13 30]
[26 21 12 28]
[34 25 18 33]
[82 54 60 71]
[109 109 118 118]
[132 122 122 128]
[107 105 113 130]
[105 115 111 147]
[181  95 111 143]
[ 93  99  95 115]
[35 36 25 37]
[19 17  8 20]
[17 15  7 17]
[17 15  7 17]
[17 15  7 17]
[17 15  7 17]
[17 15  7 17]
[17 15  7 17]
[17 15  7 17]
[18 16  7 18]
[18 16  7 18]
[17 15  7 17]
[12 12  5 13]
[ 9  8  3 10]
[8 7 2 8]
[ 9  8  2 10]
[12 11  3 13]
[17 16  6 19]
[18 17  7 20]
[16 14  7 18]
[24 26 14 37]
[71 54 52 88]
[191  70 109 113]
[118  89 105 120]
[ 99  75  89 122]
[101  75  89 122]
[101  75  91 124]
[ 99  78  93 126]
[101  73  91 120]
[ 99  68  82 115]
[105  73  77 118]
[126  88  88 128]
[134  99  91 130]
[130 105  97 120]
[101  93  91 115]
[113  95  91 111]
[107  91  91 105]
[ 99  91  89 101]
[97 91 86 99]
[97 89 80 99]
[97 91 78 99]
[97 89 73 95]
[91 86 70 91]
[86 84 65 86]
[84 82 62 82]
[82 77 59 77]
[78 71 54 71]
[65 60 44 62]
[60 50 38 57]
[54 49 36 53]
[48 44 31 49]
[44 37 26 42]
[41 35 21 39]
[38 34 20 41]
[36 31 18 37]
[34 30 18 36]
[46 33 27 43]
[89 62 68 77]
[109 105 115 113]
[122 120 120 134]
[120 109 115 134]
[126 111 115 141]
[172 124 122 149]
[101 107  99 113]
[38 41 28 41]
[21 19 10 21]
[17 15  7 17]
[16 14  7 17]
[16 14  7 17]
[17 15  7 17]
[17 15  7 18]
[17 15  7 17]
[17 15  7 17]
[18 16  7 18]
[19 17  8 19]
[17 16  7 18]
[12 12  5 13]
[9 8 3 9]
[8 7 2 8]
[8 7 2 9]
[12 12  4 14]
[26 22 12 23]
[31 21 16 32]
[34 18 14 33]
[30 34 19 48]
[ 84  62  60 101]
[200  75 115 124]
[109  84  95 107]
[ 88  65  73 107]
[ 84  62  70 103]
[ 84  60  66 103]
[ 84  62  63 103]
[86 57 60 99]
[78 53 59 93]
[73 50 57 82]
[70 50 65 82]
[62 50 65 78]
[65 46 57 65]
[57 60 65 84]
[71 63 68 84]
[78 71 73 88]
[84 78 78 89]
[88 84 80 95]
[93 84 82 97]
[95 86 82 95]
[97 86 80 95]
[95 86 80 91]
[91 84 80 88]
[91 86 84 89]
[93 88 88 93]
[97 89 89 97]
[101  95  88 101]
[103 101  89 107]
[107 101  89 105]
[105  97  84 103]
[97 91 71 97]
[86 77 54 80]
[66 68 44 70]
[63 52 36 59]
[68 53 43 66]
[82 63 59 77]
[111  88  97  99]
[118 111 124 120]
[126 118 124 128]
[132 111 120 128]
[136 113 122 132]
[136 113 122 126]
[101  97 101 105]
[50 52 42 53]
[31 28 18 31]
[24 22 13 24]
[22 20 11 21]
[20 18 10 20]
[20 18  9 20]
[19 17  9 18]
[18 15  8 18]
[17 16  8 17]
[19 17  8 20]
[20 18  9 20]
[20 17  8 19]
[15 14  6 15]
[11 10  4 11]
[10  9  3 11]
[13 11  4 13]
[21 20  9 23]
[68 36 26 48]
[89 53 42 84]
[78 56 42 77]
[48 44 35 62]
[ 91  68  70 113]
[199  80 115 128]
[101  78  84  97]
[78 57 57 95]
[78 59 56 95]
[78 59 53 95]
[75 54 49 89]
[66 50 43 84]
[63 46 39 77]
[63 46 39 75]
[63 46 37 75]
[60 46 36 75]
[60 45 34 70]
[59 43 34 68]
[57 42 36 68]
[59 42 36 68]
[60 44 41 70]
[62 45 45 70]
[60 44 46 68]
[60 41 49 65]
[57 44 53 63]
[56 48 57 65]
[57 54 63 71]
[66 60 70 75]
[78 70 77 84]
[86 78 84 88]
[97 88 89 95]
[101  95  95 101]
[103  97  97 105]
[101  97  93 105]
[88 91 80 97]
[77 78 65 86]
[71 73 54 77]
[84 71 60 86]
[101  89  78  99]
[107  95  95 107]
[122 105 118 113]
[124 115 130 124]
[122 115 128 126]
[126 115 124 134]
[128 120 122 130]
[122 107 118 120]
[115 105 115 113]
[88 88 82 88]
[70 62 53 65]
[63 53 42 59]
[60 53 37 53]
[53 46 31 46]
[48 42 27 43]
[38 37 23 37]
[32 29 19 30]
[29 26 16 28]
[30 26 15 27]
[31 27 16 30]
[31 28 16 30]
[33 27 15 30]
[34 29 14 30]
[42 34 17 37]
[45 49 24 46]
[59 48 35 52]
[88 59 56 80]
[ 97  78  65 115]
[82 63 62 84]
[ 80  63  65 101]
[ 97  71  78 115]
[188  77 109 122]
[101  80  84  93]
[77 59 56 91]
[80 60 54 95]
[82 62 56 97]
[80 60 54 95]
[73 56 46 88]
[68 52 42 82]
[70 53 42 82]
[68 53 39 82]
[66 50 35 78]
[63 50 35 75]
[62 48 33 71]
[60 45 31 71]
[63 48 33 73]
[62 48 33 73]
[62 45 33 71]
[65 49 35 77]
[66 50 36 77]
[65 50 36 78]
[66 52 37 80]
[71 54 41 82]
[73 56 44 84]
[75 56 48 82]
[77 56 53 82]
[82 59 66 86]
[78 57 73 80]
[68 59 73 78]
[70 62 73 77]
[73 63 63 77]
[77 63 59 77]
[78 73 59 84]
[95 82 70 93]
[107  97  89 107]
[111 101 101 111]
[120 103 118 115]
[122 111 126 124]
[120 113 122 122]
[126 113 122 124]
[126 113 122 124]
[122 105 122 120]
[122 115 132 124]
[120 115 128 124]
[120 111 115 118]
[113 109 105 111]
[107 105 101 107]
[103  97  95  99]
[101  95  93  95]
[89 93 80 91]
[86 77 66 75]
[70 60 54 62]
[59 49 46 57]
[53 52 49 59]
[53 56 52 63]
[56 59 53 65]
[68 65 57 71]
[78 78 66 82]
[93 86 77 97]
[107 103  89 111]
[118 105  91 120]
[126 113  91 128]
[120 111  84 128]
[124 115  91 138]
[126 111  93 136]
[190 105 118 134]
[165 107  95 130]
[157 105  86 128]
[157 105  84 128]
[159 107  86 132]
[159 107  86 130]
[153 101  80 124]
[147  99  77 120]
[147  99  77 120]
[145  97  73 118]
[141  93  70 113]
[143  95  71 113]
[138  93  70 113]
[141  95  66 111]
[141  95  68 113]
[138  93  68 113]
[132  89  63 107]
[136  97  68 113]
[138  97  68 115]
[138  97  68 115]
[138  97  68 113]
[138  95  70 113]
[138  97  71 113]
[138  97  73 115]
[143 101  75 118]
[143 101  78 120]
[143 101  80 120]
[143 101  82 118]
[141  97  82 115]
[138  95  78 111]
[136  95  77 109]
[136  95  80 105]
[138  93  89 107]
[138  97 101 111]
[143  97 107 111]
[138  95 115 109]
[130  95 115 109]
[126 107 120 122]
[130 113 122 120]
[130 115 124 122]
[128 111 124 118]
[126 113 132 120]
[128 120 136 122]
[126 115 132 115]
[124 113 128 118]
[128 118 130 122]
[128 120 132 122]
[128 118 132 120]
[124 115 130 120]
[122 118 122 122]
[124 120 113 124]
[124 122 107 126]
[132 126 107 132]
[136 128 109 132]
[138 120 103 124]
[141 107  99 111]
[136  99  99 109]
[138  95 105 107]
[128  91 107 101]
[128  91 111 103]
[128 101 113 113]
[130 107 111 118]
[134 111 113 122]
[138 115 111 130]
[178 118 130 134]
