[117  80 111  85]
[116  82  78  76]
[113  87  90  80]
[115  87  91  84]
[116  85  83  79]
[115  83  82  78]
[116  87  82  82]
[117  87  82  84]
[116  87  84  84]
[116  88  87  85]
[116  88  87  85]
[117  88  84  84]
[119  88  79  85]
[122  91  75  86]
[123  91  73  87]
[123  92  74  89]
[126  94  72  90]
[126  92  68  90]
[123  86  67  84]
[121  84  68  77]
[123  86  65  80]
[124  87  63  82]
[124  86  65  79]
[124  88  65  82]
[124  89  67  85]
[123  88  69  85]
[122  89  70  84]
[127  94  69  88]
[127  94  68  88]
[126  94  70  90]
[130  97  68  94]
[137 106  91  98]
[117  80  63  85]
[116  84  36  77]
[116  94  53  89]
[117  94  56  94]
[117  90  49  90]
[117  90  43  86]
[121  95  41  89]
[122  95  42  90]
[121  94  43  88]
[118  92  46  89]
[117  91  45  90]
[117  90  41  89]
[118  89  37  88]
[121  90  34  87]
[122  91  33  88]
[123  92  30  89]
[126  95  30  91]
[127  94  27  90]
[124  87  25  84]
[121  84  25  78]
[123  86  23  80]
[126  87  21  82]
[124  88  24  83]
[124  88  24  83]
[124  89  25  85]
[124  89  26  85]
[123  91  27  86]
[126  92  28  88]
[124  92  29  88]
[129  98  27  92]
[134 105  26  96]
[143 116  55 103]
[119  83  61  86]
[116  85  36  78]
[113  94  54  91]
[113  95  60  98]
[117  95  50  96]
[118  96  49  92]
[122 100  56  97]
[122 102  61 100]
[121  98  59  98]
[118  96  56  96]
[118  95  52  94]
[121  95  45  92]
[122  94  37  90]
[121  91  34  88]
[121  91  33  88]
[123  92  33  88]
[123  92  32  90]
[123  90  28  88]
[121  86  26  83]
[119  84  25  79]
[123  85  24  79]
[124  87  23  82]
[124  87  25  83]
[123  88  25  83]
[124  91  26  86]
[126  91  26  87]
[124  92  27  87]
[124  94  28  89]
[127  95  29  91]
[129  99  28  94]
[135 109  39 100]
[143 122  78 111]
[119  84  64  86]
[117  87  35  79]
[116  94  53  91]
[116  97  58  98]
[118  97  50  97]
[118  99  57  98]
[119 109  64 110]
[122 111  66 117]
[122 106  63 112]
[117 100  65 103]
[117  98  64  98]
[121  99  59  98]
[123  98  49  97]
[122  95  39  92]
[121  91  34  89]
[119  90  34  88]
[121  90  33  88]
[122  88  29  87]
[121  85  26  82]
[121  85  25  78]
[126  90  26  80]
[127  91  26  83]
[124  88  25  83]
[123  89  26  83]
[128  97  28  88]
[129  97  29  90]
[124  92  28  88]
[127  96  27  92]
[128  97  28  94]
[128  99  30  94]
[128 109  49 102]
[132 124  90 117]
[124  92  79  88]
[122  91  41  85]
[118  95  51  91]
[117  99  58  99]
[119 102  57  99]
[119 105  63 104]
[130 123  60 124]
[135 122  53 126]
[124 111  62 116]
[116 103  70 106]
[115 102  82 103]
[117 103  80 105]
[119 100  62 104]
[121  96  44  97]
[121  92  37  91]
[119  91  36  89]
[121  90  35  89]
[126  94  32  86]
[130 102  38  83]
[133 107  50  88]
[133 107  60  96]
[130  99  51  97]
[123  87  28  86]
[123  89  25  84]
[128  99  42  88]
[129 103  51  98]
[128  95  29  92]
[128  96  27  94]
[127  95  28  95]
[126  98  34  92]
[127 109  60 102]
[128 123  89 118]
[124 102 117 105]
[122  98  62 100]
[117  95  62  92]
[117 106  78 100]
[121 109  86 105]
[121 109  85 109]
[130 121  74 124]
[130 118  70 123]
[122 109  68 112]
[118 106  76 105]
[113 106  99 109]
[115 106  97 111]
[121 105  67 110]
[121  99  50 102]
[122  95  40  94]
[121  94  35  91]
[123  94  36  91]
[126  99  54  91]
[127 103  78  98]
[121 100  82  99]
[107  91  85 103]
[115  88  58 102]
[119  85  26  85]
[119  85  24  79]
[118  94  50  84]
[117 102  76 106]
[130  98  40 104]
[130  97  21  91]
[134  99  23  94]
[130 103  38  95]
[124 106  74 103]
[127 123  95 117]
[119 103 117 116]
[119 103  72 111]
[117 104  74  99]
[116 106 118 105]
[112 106 135 109]
[115 109 126 110]
[118 111 103 115]
[118 109  92 113]
[117 106  82 109]
[117 107  99 109]
[112 106 109 113]
[113 106 102 113]
[119 106  74 112]
[121 102  56 105]
[123  97  44  98]
[123  96  35  94]
[123  92  35  91]
[116  86  50  88]
[106  79  58  90]
[111  78  53  89]
[115  87  42  86]
[119  87  36  91]
[119  83  23  79]
[119  83  25  76]
[117  87  45  78]
[111 104  83 107]
[134 100  47 112]
[129  90  23  89]
[129  97  26  89]
[129 106  42 102]
[124 110  72 117]
[124 121  87 127]
[143 128  80 126]
[135 121  88 130]
[118 109 111 111]
[111 105 139 109]
[ 99 103 145 113]
[103 103 141 112]
[109 105 130 110]
[112 107 115 110]
[115 109 115 110]
[111 107 123 111]
[107 105 115 115]
[111 105  96 113]
[117 105  78 111]
[119 102  62 106]
[121  98  48 102]
[122  94  37  94]
[123  92  35  89]
[119  85  29  85]
[118  80  27  77]
[117  79  27  74]
[117  88  32  78]
[121  87  30  86]
[118  82  26  77]
[117  82  28  74]
[117  89  42  80]
[112 103  86 111]
[134 118  51 118]
[138  92  23  96]
[122  90  27  85]
[126 106  39 100]
[135 118  43 123]
[134 113  68 126]
[153 144  59 137]
[151 144  84 146]
[116 111 134 123]
[102 106 143 115]
[121 127 128 139]
[121 123 130 140]
[103 104 140 116]
[106 106 137 113]
[107 105 141 112]
[102 103 140 112]
[107 102 116 112]
[111 103  89 109]
[115 104  78 110]
[117 102  63 107]
[121  98  48 102]
[119  92  39  92]
[118  91  37  89]
[118  84  29  85]
[117  79  27  75]
[116  78  27  75]
[117  88  32  78]
[119  86  31  85]
[117  78  26  76]
[119  85  27  77]
[122  97  41  86]
[113 109  95 112]
[137 119  58 121]
[138  95  24  95]
[122  88  27  83]
[130 110  31  99]
[147 127  29 124]
[143 116  62 119]
[149 135  62 132]
[149 141  72 144]
[128 129 122 141]
[107 110 135 124]
[154 162  91 161]
[162 160  80 167]
[112 110 145 124]
[102 105 146 112]
[100 105 143 113]
[103 103 139 115]
[110  99 104 112]
[111 102  78 107]
[115 102  71 109]
[116  99  58 106]
[118  96  45  99]
[118  91  40  92]
[122  95  37  91]
[122  86  29  86]
[116  79  26  75]
[116  79  26  75]
[116  85  34  75]
[118  85  34  83]
[119  83  25  75]
[126  90  25  79]
[128 105  58  88]
[112 105 121 109]
[132 111  71 121]
[138  91  23  94]
[122  88  26  83]
[135 116  27 103]
[164 151  24 147]
[160 138  53 146]
[141 124  59 116]
[150 145  51 149]
[152 154  54 160]
[138 133 109 145]
[153 161  85 161]
[164 162  64 168]
[113 111 149 127]
[ 97 102 151 111]
[ 99 103 143 112]
[104 103 132 115]
[112 100  88 111]
[113 100  67 105]
[116  98  62 104]
[119  95  50 102]
[119  92  37  92]
[118  91  39  90]
[121  95  41  91]
[121  88  36  87]
[122  87  30  75]
[126  91  33  74]
[127 104  47  79]
[132 107  53  89]
[137 112  53  88]
[139 117  62  95]
[134 111 124  99]
[105 100 146 106]
[140 116  76 124]
[146 103  24 102]
[123  88  26  84]
[135 117  25 103]
[164 154  24 152]
[161 143  49 153]
[143 122  58 116]
[154 147  33 150]
[161 159  30 165]
[152 147  74 153]
[147 154  80 156]
[161 161  57 166]
[127 123 137 141]
[102 105 146 122]
[ 99 100 144 111]
[106 102 122 112]
[113  99  82 107]
[117 102  66 102]
[121 104  64 100]
[129 107  56  98]
[129 107  55  90]
[128 106  66  91]
[126 109  78  96]
[129 106  82  96]
[132 104  94  95]
[132 105 109  96]
[128 107 133  99]
[122 106 146 100]
[122 107 151 102]
[121 109 157 104]
[105  99 160 103]
[ 96 100 160 106]
[138 109  94 118]
[140 102  26 104]
[122  87  26  83]
[132 109  30  99]
[156 149  26 149]
[160 140  47 152]
[146 122  54 117]
[154 146  29 144]
[165 158  25 162]
[158 147  44 153]
[156 153  49 159]
[164 160  41 165]
[152 152  78 159]
[128 126 132 133]
[100 102 147 110]
[110 105 130 110]
[117 105 113 105]
[119 107 112 103]
[121 109 117 104]
[124 109 123 104]
[122 106 124 105]
[117 103 122 106]
[109  99 119 112]
[104  96 123 113]
[ 99  91 122 116]
[ 98 100 119 110]
[ 98  99 144 107]
[ 90  92 162 103]
[ 88  91 164 100]
[ 88  91 164 100]
[ 88  91 162 100]
[ 95  98 160 105]
[132 124 102 119]
[140 113  25 122]
[122  87  27  84]
[123  95  30  90]
[145 133  27 129]
[156 132  51 135]
[150 123  56 119]
[156 146  34 135]
[168 161  36 162]
[183 178  25 168]
[187 183  17 177]
[178 173  40 172]
[157 156 110 154]
[119 117 156 124]
[ 94  96 157 107]
[ 98  97 147 110]
[ 98  97 139 112]
[ 99  99 133 112]
[106 106 127 118]
[112 112 119 119]
[123 107 104 123]
[123 113  90 117]
[134 117  73 122]
[139 119  56 122]
[151 127  39 123]
[144 127  50 123]
[126 116 109 117]
[ 94  95 164 104]
[ 87  90 165  99]
[ 88  91 164  99]
[ 88  91 164 100]
[ 91  92 160 103]
[132 128 105 128]
[145 118  26 128]
[126  95  28  88]
[132 104  28  99]
[140 116  29 115]
[146 124  53 119]
[145 121  54 118]
[140 132  44 126]
[152 149  85 149]
[176 174  70 172]
[183 181  34 180]
[168 164  68 170]
[123 121 128 134]
[102 105 149 116]
[104 107 147 117]
[111 112 130 118]
[119 116 115 126]
[122 116  94 123]
[129 126  77 129]
[144 134  55 130]
[149 129  37 135]
[140 128  40 130]
[139 116  31 119]
[143 122  27 121]
[152 122  28 117]
[145 127  37 123]
[126 117 104 118]
[ 94  95 164 105]
[ 87  90 165  99]
[ 88  91 164 100]
[ 88  91 162 100]
[ 91  94 160 103]
[124 121 118 127]
[139 115  32 126]
[129  99  27 100]
[135 109  27 106]
[146 119  23 121]
[149 127  48 124]
[146 121  58 113]
[143 126  52 117]
[124 119 104 126]
[141 146  98 149]
[157 157  60 161]
[150 147  87 154]
[121 121 117 132]
[107 110 127 121]
[110 112 118 119]
[112 111 106 121]
[122 119  94 128]
[127 119  68 128]
[128 122  67 128]
[140 132  59 127]
[144 133  63 132]
[146 129  46 132]
[139 118  36 117]
[151 129  30 128]
[151 129  28 119]
[141 129  41 122]
[129 122 107 118]
[ 95  95 164 105]
[ 87  91 164  99]
[ 88  91 164 100]
[ 90  94 160 102]
[ 91  94 156 103]
[127 121 127 129]
[150 112  27 126]
[132 100  22 100]
[132 105  23 103]
[143 113  23 111]
[146 122  47 118]
[132 105  60 105]
[129 115  64 111]
[118 113 109 122]
[123 127 115 132]
[132 133 112 137]
[127 126 111 134]
[111 113 117 124]
[110 111 121 121]
[112 113 117 119]
[117 115 104 122]
[128 127  89 129]
[137 129  65 130]
[127 118  76 121]
[130 128  69 124]
[130 121 100 127]
[138 119  84 124]
[140 124  70 117]
[159 139  72 126]
[161 138  76 118]
[144 133  96 119]
[127 118 138 117]
[ 92  94 164 103]
[ 87  90 165 100]
[ 88  90 164 102]
[ 92  95 158 105]
[ 94  95 144 106]
[126 112 123 127]
[144 106  32 119]
[127  92  24  90]
[129  97  25  92]
[133 107  27  99]
[138 112  48 109]
[132 104  68  98]
[128 115  61 110]
[116 111 121 117]
[106 110 141 117]
[105 109 149 115]
[110 111 145 116]
[110 111 146 116]
[105 109 146 113]
[107 107 143 112]
[109 110 143 112]
[121 121 129 118]
[126 121 126 119]
[122 118 127 118]
[126 126  88 126]
[116 107 106 121]
[124 116  89 113]
[123 115 135 116]
[110 106 162 110]
[107 104 162 110]
[105 103 162 110]
[ 98  99 161 106]
[ 88  88 149 104]
[ 84  82 135 103]
[ 86  80 132 104]
[100  95 122 105]
[104  94 105 110]
[122 103  77 117]
[128  98  34 105]
[123  88  25  84]
[124  90  26  85]
[129 102  31  95]
[135 107  56 103]
[124  99  69  92]
[126 116  59 111]
[115 109 129 113]
[ 96  99 151 107]
[ 92  94 153 106]
[ 91  92 153 107]
[ 90  92 149 109]
[ 90  91 146 107]
[ 89  90 141 107]
[ 94  94 138 107]
[102 100 129 109]
[104 102 121 107]
[104  98 119 106]
[124 122  84 123]
[123 115 107 121]
[117 113  91 113]
[112 104 143 110]
[ 88  91 165  99]
[ 87  90 165  99]
[ 88  91 164  99]
[ 94  94 161 105]
[111  89 103 105]
[117  85  45  90]
[118  86  40  88]
[144 129  35 113]
[147 122  34 133]
[123 103  40 100]
[130 103  39 106]
[128  94  27  90]
[126  92  26  87]
[127  99  32  95]
[132 106  57 103]
[127  99  67  96]
[126 115  60 110]
[115 109 132 112]
[ 97  96 150 109]
[110 100 117 109]
[110 100  97 109]
[112 100  84 110]
[109  97  86 110]
[113  95  77 106]
[113  98  73 106]
[110 100  78 115]
[110 100  76 113]
[109  98  77 106]
[117 109  80 115]
[113 106 102 113]
[113 105  83 110]
[107 100 144 105]
[ 88  91 165 100]
[ 88  91 164 100]
[ 88  91 165  99]
[ 94  94 161 105]
[112  90  89 105]
[122  88  29  85]
[124  91  25  85]
[146 129  23 117]
[152 123  22 134]
[124 106  41  96]
[134 106  40 110]
[133 102  28 100]
[133 103  25  99]
[129 104  32 100]
[134 110  57 106]
[130 102  65  97]
[126 111  67 106]
[112 106 143 110]
[100  97 150 110]
[117 104  85 110]
[119 104  58 109]
[122 104  47 106]
[116  98  56 102]
[117  96  53  99]
[118 100  52 102]
[117  97  53 104]
[116  96  50 102]
[111  96  68  97]
[110  96  73 100]
[116  96  74 104]
[119 109  60 104]
[111 100 141 103]
[ 88  91 165 100]
[ 87  90 165 100]
[ 87  90 165 100]
[ 94  94 161 105]
[113  90  87 105]
[122  87  25  85]
[124  91  24  85]
[134 103  26  98]
[133  96  25 100]
[126 107  40  96]
[134 107  39 112]
[138 109  26 106]
[139 109  23 105]
[134 106  29 103]
[135 107  57 106]
[132 103  66  99]
[127 111  68 106]
[107 102 147 107]
[102  98 152 111]
[119 105  77 109]
[119 103  54 106]
[121  99  50  99]
[116  97  53  95]
[117  96  52  98]
[119 100  49 100]
[121  96  43  99]
[119  95  43  92]
[117  97  58  95]
[123 104  57 104]
[132 112  44 104]
[128 116  73 104]
[116 104 141 107]
[ 89  91 161 102]
[ 91  94 157 103]
[ 89  91 164 100]
[ 94  92 162 105]
[113  90  87 105]
[122  86  25  83]
[124  91  24  84]
[128  94  24  89]
[127  94  26  90]
[127 109  42  98]
[130 107  39 112]
[137 107  23 106]
[135 105  25 105]
[132 105  28 102]
[135 107  57 106]
[132 104  62  98]
[127 111  68 107]
[109 102 147 107]
[102  98 158 109]
[122 110 102 106]
[123 107  68 102]
[122 103  65  94]
[121 105  69  95]
[122 105  69  98]
[123 105  68  98]
[127 105  58  97]
[127 105  53  94]
[126 106  61  98]
[123 102  58 103]
[126 105  66 102]
[117 107  97 106]
[106 100 145 109]
[ 91  94 159 103]
[ 97  98 140 104]
[ 95  94 161 102]
[ 94  94 162 105]
[118  95  87 105]
[128  92  27  84]
[127  95  25  85]
[129  97  25  91]
[128  94  27  89]
[124 107  48  98]
[130 106  42 111]
[137 106  21 103]
[137 105  23 103]
[133 105  26 100]
[133 106  58 103]
[137 106  57 104]
[133 107  61 106]
[107 100 150 104]
[ 96  96 161 104]
[112 107 152 105]
[119 107 141 104]
[119 106 139 102]
[118 106 143 102]
[117 105 144 102]
[118 106 141 103]
[123 107 134 103]
[124 110 127 104]
[124 110 119 105]
[126 111 110 105]
[127 110 103 103]
[115 109 115 106]
[105 100 149 107]
[ 92  95 158 103]
[ 96  98 153 103]
[ 94  94 162 100]
[ 94  95 162 103]
[124 107 129 104]
[138 109  88 100]
[139 113  79 100]
[141 116  76 103]
[140 112  76 100]
[133 112  89 103]
[119  91  59 106]
[119  82  16  80]
[127  96  22  95]
[133 105  27 100]
[134 109  58 104]
[147 106  53 106]
[141 113  60 104]
[109  97 140 106]
[ 92  94 156 103]
[ 89  92 160 103]
[ 89  90 156 104]
[ 87  89 152 103]
[ 88  91 165 100]
[ 89  91 166 100]
[ 90  92 165 102]
[ 91  92 160 103]
[ 97 100 143 110]
[102 100 140 112]
[102  99 156 105]
[103 100 154 105]
[103 102 154 106]
[ 98  97 158 104]
[ 89  91 159 104]
[ 88  90 156 104]
[ 88  90 160 102]
[ 89  92 162 102]
[ 96  96 154 104]
[100  97 147 104]
[100  98 156 102]
[102  98 159 102]
[104  99 159 103]
[105 100 158 104]
[127 103 118 102]
[150 106  32  74]
[144 102  27  72]
[135 115  47  95]
[137 112  73 107]
[134 103  57  98]
[133 112  54 109]
[121 103 109 109]
[102  99 140 104]
[ 94  94 153 106]
[104  89 117 106]
[105  90 105  97]
[ 94  91 161  99]
[ 87  90 166  99]
[ 89  92 165 100]
[ 94  96 159 105]
[118 123 115 124]
[123 117 127 126]
[ 92  95 159 104]
[ 89  92 159 100]
[ 89  92 158 102]
[ 90  92 158 103]
[ 95  90 147 106]
[102  83  99 102]
[ 99  88 116  96]
[ 91  94 154 103]
[ 97  97 149 109]
[ 96  92 144 105]
[ 90  91 156 102]
[ 87  90 159 100]
[ 89  91 160 100]
[ 89  91 165 100]
[110  98 168 102]
[141 112 150 105]
[145 115 117 104]
[133 112 121 111]
[126 107  86 116]
[138 105  54  98]
[137 116  47 110]
[124 104 105 109]
[100  98 135 104]
[100  97 144 110]
[117  96  80 106]
[122 100  67  95]
[105  94 150  99]
[ 88  90 165 100]
[ 88  92 164 100]
[ 95  96 160 105]
[124 132 124 127]
[128 118 133 124]
[ 94  96 158 104]
[ 90  94 157 102]
[ 91  94 153 103]
[ 94  95 153 105]
[109  89 111 107]
[118  86  39  90]
[116  89  59  85]
[100  94 139 100]
[107 104 140 112]
[118 113  99 112]
[115 111 113 110]
[110 109 123 109]
[104 104 145 109]
[ 89  92 166 102]
[ 88  94 167 102]
[ 89  94 166 102]
[ 98 103 151 109]
[106 105 137 113]
[117 112  84 117]
[140 111  49 104]
[139 118  44 111]
[123 104 113 107]
[102  98 132 104]
[104  98 133 111]
[122 102  66 106]
[127 103  52  97]
[110  97 141  99]
[ 88  91 164 100]
[ 88  92 162 100]
[ 91  94 161 103]
[103 104 157 110]
[104 102 154 109]
[ 91  94 156 102]
[ 92  95 151 103]
[ 92  95 150 103]
[ 97  95 147 106]
[112  88  84 106]
[122  91  33  87]
[123  94  43  92]
[112  96 117  97]
[105 103 147 109]
[122 118 143 115]
[127 121 134 116]
[124 119 135 116]
[113 110 152 111]
[ 90  92 166 100]
[ 89  94 168 102]
[ 90  94 168 102]
[102 103 164 109]
[105 104 156 115]
[116 110  83 117]
[147 113  61 103]
[143 116  44 105]
[110  92 111 102]
[ 94  90 126 105]
[105  94 121 112]
[127 103  57 109]
[128 104  54 102]
[105  96 138 103]
[ 88  90 160 104]
[ 88  91 160 103]
[ 88  91 161 103]
[ 89  92 160 102]
[ 90  92 159 102]
[ 91  94 156 102]
[ 92  95 152 103]
[ 94  96 146 104]
[ 99  95 144 106]
[117  90  74 103]
[128  99  31  96]
[132 110  36 107]
[122  98 106  97]
[ 92  94 160 100]
[ 89  91 162 100]
[ 89  91 162 100]
[ 89  91 162 100]
[ 89  91 161 100]
[ 88  90 167  99]
[ 86  90 173  98]
[ 86  90 172  99]
[ 86  89 170 100]
[ 98  97 161 107]
[119 111  75 117]
[133 107  71  99]
[135 112  39 104]
[135 115  53 105]
[133 115  60 107]
[138 115  57 110]
[138 115  40 107]
[132 107  43 103]
[119 100  80 100]
[109  95 104 103]
[102  92 115 104]
[ 97  89 123 104]
[ 91  86 132 104]
[ 88  86 138 103]
[ 87  88 141 103]
[ 91  92 143 105]
[ 94  95 139 106]
[ 99  94 138 107]
[119  91  70 104]
[128  98  26  95]
[135 110  23 107]
[124 102 103  96]
[ 91  92 160 100]
[ 88  91 162 100]
[ 88  91 162 100]
[ 88  91 162 100]
[ 89  91 160 100]
[ 88  90 168  99]
[ 85  89 174  98]
[ 86  89 172 103]
[ 90  90 162 109]
[100  96 151 112]
[122 112  68 118]
[133 110  87 105]
[133 115  55 113]
[134 117  62 115]
[134 117  73 115]
[137 116  79 113]
[134 110  82 110]
[129 110  79 110]
[128 107  72 109]
[127 109  68 109]
[124 106  68 107]
[119 100  67 104]
[123 102  58  99]
[124 102  57  98]
[124 104  61  96]
[122 105  78 104]
[112 100  90 106]
[112  94  85 106]
[119  88  47  96]
[128  96  25  91]
[134 103  27  96]
[118  92  83  94]
[ 87  85 137 102]
[ 85  87 145 103]
[ 86  88 151 102]
[ 87  89 156 102]
[ 88  90 154 102]
[ 87  89 159 102]
[ 84  87 161 103]
[ 90  88 154 107]
[115 102 110 113]
[115  99  86 115]
[127 115  58 118]
[147 135  92 116]
[145 138  58 123]
[145 138  64 123]
[140 134  68 123]
[138 134  72 124]
[135 132  75 123]
[135 132  75 123]
[135 130  76 122]
[137 133  75 119]
[137 133  72 117]
[138 133  70 115]
[139 132  68 113]
[139 129  68 111]
[135 126  72 106]
[135 126  73 111]
[140 127  69 111]
[144 126  58 106]
[145 121  55  92]
[145 122  53  88]
[145 121  51  88]
[141 117  53  83]
[140 118  55  89]
[138 117  58  90]
[134 116  66  91]
[129 116  79  97]
[124 118  83 102]
[127 122  79 103]
[133 122  74 105]
[140 123  65 103]
[147 128  56 104]
[151 134  48 105]
[158 139  73 111]
