[ 49  65  36 255  43  30  32  80]
[ 36  58  30 255  32  18  25  65]
[ 43  68  36 255  43  23  32  80]
[ 72 110  76 255  80  55  76 123]
[ 92 128  92 255 101  68  92 146]
[ 96 142 101 255 105  76 101 151]
[ 96 146 110 255 101  80 110 146]
[101 123  84 255  80  72  80 128]
[ 22  41  30 255  19  30  32  36]
[  8  25  16 255   6  14  20  18]
[  9  34  25 255  11  20  30  26]
[ 49 114  88 255  55  68  92 101]
[ 68 133 110 255  72  84 114 119]
[ 76 142 114 255  80  88 119 128]
[ 80 160 133 255  88 101 133 142]
[128 155 114 255  88  88 110 137]
[ 58 105  61 255  68  52  55 105]
[ 16  38  15 255  13  13  14  30]
[  3  11   7 255   3   5   8   9]
[ 28  80  55 255  32  41  58  68]
[ 43 105  76 255  43  58  80  88]
[ 36  96  68 255  32  55  76  76]
[ 34 105  72 255  49  55  80  88]
[180 188 146 255 110 137 142 168]
[ 96 176 142 255 105 105 137 164]
[ 49  92  49 255  25  43  49  68]
[  2   8   5 255   2   5   6   6]
[ 15  41  28 255  18  22  30  36]
[ 26  61  41 255  28  30  41  55]
[  6  13   9 255   3   8  10   9]
[ 11  46  30 255  22  23  36  38]
[184 188 146 255 105 137 137 168]
[ 26  46  34 255  19  38  38  38]
[  5  13   9 255   3   9  12   8]
[  4  13   7 255   5   6   8  11]
[  8  25  18 255   6  18  23  16]
[  9  26  20 255   5  22  28  16]
[  7  32  13 255  13   9  13  30]
[ 68 146 110 255 101  76 105 137]
[164 172 133 255 105 123 128 155]
[ 16  25  13 255   9  15  14  20]
[  3  12   6 255   3   6   8   9]
[  5  18   9 255   5   8  11  13]
[  5  18   9 255   5   8  10  13]
[  1   4   2 255   1   2   3   3]
[ 18  68  41 255  25  34  49  52]
[101 180 155 255 119 119 155 168]
[155 172 137 255 101 114 133 155]
[ 25  38  22 255  15  23  22  32]
[  2   7   3 255   2   3   4   6]
[  1   4   2 255   1   3   3   3]
[  1   4   2 255   1   3   4   2]
[  2   8   3 255   2   3   4   6]
[  2   6   4 255   1   5   6   4]
[  4  16  13 255   3  13  20  11]
[ 49  68  46 255  18  49  52  49]
[ 43  84  55 255  38  80  84  61]
[ 20  65  34 255  20  61  65  41]
[ 12  43  19 255  12  36  36  26]
[  9  41  18 255  13  34  36  26]
[ 26  76  36 255  23  72  68  43]
[ 18  52  26 255  13  49  49  32]
[  4  15   6 255   5  13  13   9]
[ 28  46  26 255  19  49  43  38]
