[169 187 176 196 179 169 208 201 205 176 182 214 210 179 236 208]
[132 182 219 226 198 166 210 221 205 121 182 218 210 128 227 214]
[ 83 214 103 153 201  58 128 227 121  30  90 240 234  40 149 142]
[121 223  83 117 198  69  90 227  83  71 107 245 238  83 121 107]
[198 223 114 163 193 160 190 212 187 190 176 234 237 198 231 201]
[176 163 212 227 196 193 221 198 216 187 201 169 198 196 237 223]
[160 135 214 203 153 163 203 166 196 142 160 128 146 163 235 169]
[ 58  83 231 237 212 139 166 196 153  30 132  96 103  44 205 237]
[212 185 198 196 166 193 221 196 218 208 196 187 205 212 240 218]
[187 169 212 214 179 201 223 203 221 198 201 176 201 203 240 196]
[173 169 227 239 214 198 223 227 219 182 198 182 198 185 238 235]
[ 83 110 163 227 233  87 146 224 146  40 110 146 160  69 142 237]
[193 212 173 187 190 190 205 223 205 185 187 223 231 187 236 196]
[187 198 203 205 196 201 214 224 214 182 193 212 221 187 239 176]
[169 187 216 234 205 203 219 223 216 166 203 205 219 187 239 223]
[142 107 219 229 146 160 208 139 203 135 190  96 135 187 231 226]
